1
9
6
2
10762
2
73696
2
73432
2
32290
2
71027
2
42458
2
32276
2
98998
2
79605
2
51327
2
42133
2
22151
2
74335
2
60287
2
663
2
62005
2
3045
2
40454
2
11207
2
7151
2
80984
2
92960
2
93140
2
73660
2
62581
2
86478
2
59346
2
36270
2
52069
2
4619
2
52672
2
85891
2
78316
2
26113
2
18190
2
49352
2
68571
2
50466
2
48359
2
48185
2
24861
2
13560
2
93395
2
99197
2
96907
2
94059
2
84270
2
99952
2
34522
2
18546
2
7112
2
38574
2
11515
2
23320
2
35302
2
74096
2
32867
2
17717
2
33435
2
84936
2
22336
2
86107
2
93895
2
23720
2
12229
2
12095
2
96131
2
3868
2
85620
2
44500
2
52054
2
10491
2
81119
2
68517
2
32756
2
78035
2
62585
2
40094
2
77997
2
20176
2
58640
2
8177
2
81809
2
93214
2
54557
2
40180
2
90379
2
87424
2
80956
2
23823
2
95428
2
26360
2
9939
2
89333
2
50081
2
45227
2
24496
2
46221
2
49095
2
33184
2
13789
2
24217
2
66734
2
94909
2
92735
2
22558
2
96012
2
78388
2
62653
2
97077
2
21632
2
44361
2
28323
2
26510
2
60644
2
82880
2
66690
2
51032
2
93372
2
70714
2
74855
2
11877
2
97074
2
7862
2
24278
2
47164
2
53089
2
48774
2
16454
2
25252
2
5027
2
30243
2
49470
2
94820
2
48220
2
42214
2
17388
2
67301
2
43670
2
3109
2
64387
2
88362
2
70529
2
92710
2
14881
2
31182
2
98658
2
4639
2
82214
2
15107
2
75353
2
80137
2
26985
2
72436
2
11067
2
51263
2
42669
2
64156
2
23106
2
82182
2
89409
2
51192
2
12434
2
61947
2
46021
2
83714
2
27229
2
86468
2
51024
2
70899
2
89577
2
15420
2
59270
2
83175
2
31199
2
97210
2
14366
2
52925
2
1858
2
19649
2
68033
2
279
2
99786
2
95018
2
95775
2
10863
2
46290
2
61512
2
98078
2
92455
2
43703
2
10564
2
43656
2
56137
2
72511
2
89678
2
39860
2
99740
2
76155
2
90884
2
93708
2
88801
2
29373
2
76046
2
95044
2
83631
2
73266
2
9419
2
36565
2
98183
2
29068
2
4607
2
98463
2
51923
2
22693
2
94247
2
85845
2
92043
2
55768
2
7000
2
84507
2
99471
2
40624
2
28173
2
78676
2
13144
2
40919
2
41605
2
35953
2
40142
2
55557
2
52729
2
52011
2
84930
2
28784
2
47064
2
68570
2
25118
2
56484
2
28204
2
23311
2
8620
2
55870
2
44842
2
83602
2
78564
2
62157
2
92515
2
70616
2
40993
2
99516
2
78191
2
40473
2
40149
2
29432
2
42217
2
76352
2
70351
2
6890
2
35373
2
10503
2
62448
2
88102
2
85573
2
70446
2
39955
2
32647
2
62085
2
65073
2
12199
2
90289
2
11452
2
20819
2
46168
2
56294
2
27490
2
47800
2
18460
2
20014
2
18425
2
59453
2
42598
2
19685
2
22994
2
5815
2
49117
2
88271
2
82168
2
42537
2
95161
2
40609
2
53040
2
57618
2
51780
2
38622
2
28074
2
91735
2
94328
2
13227
2
79876
2
6536
2
3525
2
91329
2
50415
2
72752
2
70691
2
77905
2
20562
2
89152
2
20987
2
62046
2
71673
2
63586
2
81731
2
17736
2
69401
2
53917
2
6016
2
74637
2
96454
2
24245
2
15256
2
49503
2
81864
2
67036
2
11193
2
33006
2
81839
2
28590
2
46233
2
61724
2
35126
2
72817
2
76121
2
85541
2
45578
2
46822
2
86514
2
89199
2
59042
2
7511
2
51255
2
30724
2
94156
2
56054
2
48460
2
86625
2
9980
2
77535
2
61272
2
6443
2
1790
2
99587
2
79005
2
6722
2
89691
2
13267
2
62787
2
94598
2
41857
2
9029
2
56331
2
51
2
4914
2
32462
2
8661
2
73551
2
79284
2
95175
2
62760
2
38335
2
25754
2
14024
2
92118
2
19919
2
70078
2
63647
2
6554
2
80059
2
41191
2
90885
2
86502
2
66040
2
13549
2
88576
2
72762
2
3249
2
1852
2
35558
2
97847
2
43709
2
67646
2
77246
2
43760
2
95619
2
32776
2
52421
2
69180
2
35128
2
70665
2
31949
2
96522
2
96419
2
69032
2
88650
2
39407
2
39119
2
75365
2
69020
2
42246
2
16565
2
59914
2
51817
2
5674
2
73463
2
40402
2
1504
2
99771
2
42254
2
37063
2
97627
2
9031
2
27777
2
97941
2
75850
2
23406
2
30727
2
28281
2
92586
2
65855
2
22014
2
47603
2
62387
2
41501
2
16644
2
74105
2
80908
2
78822
2
49479
2
49937
2
21078
2
89103
2
32919
2
95954
2
94777
2
29450
2
36365
2
96282
2
29230
2
1687
2
56413
2
49925
2
33777
2
7258
2
47876
2
9636
2
53723
2
78603
2
60976
2
46318
2
67526
2
82990
2
16989
2
52981
2
24501
2
33633
2
27095
2
28477
2
12465
2
99633
2
1483
2
56602
2
88746
2
34402
2
52565
2
6600
2
63853
2
11998
2
25950
2
16151
2
13685
2
82363
2
66077
2
70521
2
12690
2
37021
2
80157
2
66413
2
15633
2
41143
2
35800
2
6227
2
47201
2
52789
2
59209
2
94761
2
9491
2
9372
2
23248
2
45015
2
9015
2
47790
2
1626
2
20829
2
82192
2
54191
2
27429
2
69113
2
89248
2
53380
2
8333
2
26001
2
58811
2
74410
2
96522
2
71501
2
11440
2
76688
2
60983
2
50132
2
40899
2
96783
2
79418
2
88101
2
49581
2
38636
2
82871
2
82131
2
71068
2
29187
2
27155
2
80083
2
76977
2
28781
2
23980
2
82238
2
6040
2
51409
2
74419
2
18356
2
27857
2
82752
2
44357
2
86669
2
80230
2
40888
2
81238
2
14738
2
40645
2
42230
2
64870
2
4612
2
62081
2
67357
2
92713
2
34731
2
29061
2
98653
2
16871
2
138
2
50908
2
44027
2
3289
2
27895
2
95867
2
27269
2
33201
2
1917
2
1747
2
7629
2
20273
2
29604
2
13450
2
87690
2
39341
2
93680
2
51646
2
20589
2
31487
2
92291
2
85878
2
96357
2
96904
2
47969
2
86782
2
12694
2
82700
2
15853
2
34415
2
99571
2
15991
2
85324
2
66666
2
42340
2
36287
2
62543
2
69609
2
92547
2
87519
2
71356
2
23244
2
30860
2
24029
2
36694
2
41618
2
63370
2
53443
2
93265
2
7027
2
84930
2
8633
2
15974
2
4364
2
28605
2
63943
2
91147
2
41300
2
69711
2
7009
2
98774
2
92350
2
46059
2
7175
2
59026
2
88399
2
66521
2
44637
2
58018
2
59077
2
55224
2
52442
2
82322
2
9152
2
76471
2
42084
2
50771
2
62910
2
95527
2
44045
2
69937
2
3534
2
52678
2
85911
2
30958
2
81284
2
72922
2
22114
2
45652
2
65701
2
52182
2
44435
2
58061
2
98241
2
74670
2
40155
2
86650
2
41200
2
7860
2
67736
2
287
2
63084
2
20187
2
5677
2
72236
2
19727
2
47761
2
46075
2
82637
2
66357
2
90120
2
75642
2
92950
2
65867
2
84622
2
23917
2
47160
2
80612
2
69090
2
15880
2
46323
2
21281
2
83374
2
27452
2
19532
2
58053
2
67607
2
6191
2
99254
2
98526
2
96986
2
22609
2
61619
2
40241
2
51345
2
56923
2
59968
2
22174
2
3008
2
65673
2
11599
2
16196
2
64384
2
4559
2
82063
2
72074
2
51535
2
52291
2
52695
2
20635
2
68171
2
22086
2
41916
2
51555
2
49538
2
61448
2
9617
2
40213
2
90698
2
31939
2
61807
2
87693
2
77607
2
23435
2
51003
2
28961
2
3427
2
10980
2
74195
2
29494
2
99713
2
85794
2
68749
2
64106
2
90353
2
50822
2
59248
2
64957
2
3122
2
35011
2
85592
2
94353
2
57098
2
27517
2
45917
2
29704
2
12034
2
78593
2
92977
2
25800
2
10542
2
54793
2
36562
2
88149
2
1297
2
87565
2
40179
2
27783
2
98545
2
14383
2
57277
2
21335
2
186
2
26035
2
85441
2
13608
2
99916
2
67757
2
78565
2
26107
2
2778
2
87225
2
20469
2
59876
2
14751
2
66386
2
12648
2
49844
2
44988
2
5634
2
75645
2
78589
2
83487
2
12216
2
89807
2
84784
2
99781
2
29995
2
12576
2
98335
2
67437
2
92912
2
42739
2
90682
2
42015
2
51248
2
4299
2
41941
2
19015
2
5932
2
68048
2
21793
2
16225
2
88517
2
4737
2
30977
2
77971
2
17385
2
80821
2
46027
2
46079
2
56475
2
24626
2
29575
2
91750
2
14442
2
37427
2
91540
2
67496
2
50003
2
12953
2
34942
2
65983
2
55692
2
25633
2
8007
2
6949
2
52992
2
73007
2
25964
2
81983
2
41064
2
70816
2
98209
2
52649
2
75553
2
52254
2
53688
2
16007
2
33084
2
99716
2
62086
2
12628
2
47410
2
14729
2
27446
2
84911
2
52156
2
18996
2
52416
2
25227
2
31949
2
10426
2
91210
2
10709
2
36059
2
99217
2
17658
2
12119
2
72234
2
66682
2
94103
2
36366
2
37507
2
92321
2
12084
2
36129
2
44584
2
65772
2
75195
2
736
2
88556
2
60349
2
36423
2
35975
2
75078
2
63870
2
20895
2
50302
2
5934
2
73311
2
75529
2
60942
2
83737
2
66748
2
71651
2
42865
2
89033
2
12377
2
54984
2
84335
2
79059
2
72155
2
20711
2
39635
2
87544
2
32795
2
98823
2
32137
2
21635
2
74027
2
55933
2
10201
2
34385
2
15424
2
69235
2
32531
2
2362
2
90131
2
82833
2
8296
2
86510
2
58371
2
69238
2
93316
2
48187
2
40898
2
59249
2
37229
2
76335
2
14242
2
21574
2
78462
2
9466
2
65344
2
18106
2
97010
2
21207
2
39997
2
29157
2
42842
2
37092
2
8158
2
76102
2
71477
2
23582
2
45347
2
4017
2
49004
2
35487
2
9918
2
57300
2
45065
2
68289
2
26548
2
38390
2
39544
2
90505
2
97639
2
76774
2
66849
2
34950
2
21416
2
45321
2
44416
2
9828
2
86486
2
41435
2
31035
2
49552
2
93651
2
96936
2
86644
2
24877
2
73048
2
81190
2
71519
2
41463
2
85207
2
20532
2
18
2
18194
2
77832
2
45083
2
86483
2
27448
2
6542
2
26037
2
41022
2
4190
2
25879
2
7880
2
62199
2
70354
2
76260
2
6624
2
3250
2
85815
2
71119
2
34285
2
58435
2
64779
2
54289
2
45088
2
12725
2
50405
2
26287
2
84244
2
91868
2
34563
2
4785
2
91886
2
52757
2
82617
2
36979
2
62308
2
33134
2
43521
2
11413
2
74156
2
70770
2
37292
2
5104
2
32979
2
30714
2
4433
2
62662
2
33964
2
90248
2
33790
2
91308
2
48692
2
21638
2
45607
2
16848
2
34363
2
96012
2
43136
2
41675
2
87890
2
767
2
46460
2
79785
2
53524
2
52145
2
39832
2
38900
2
85279
2
83353
2
50314
2
59444
2
77192
2
10674
2
64549
2
10180
2
64448
2
92041
2
95901
2
98412
2
82298
2
52760
2
89730
2
54058
2
97457
2
58405
2
70906
2
31829
2
77485
2
37110
2
96563
2
65384
2
37877
2
43032
2
68238
2
14469
2
95177
2
31138
2
53370
2
80466
2
37560
2
26752
2
62978
2
14761
2
37426
2
50595
2
48000
2
1883
2
42645
2
43910
2
23364
2
48011
2
96670
2
36162
2
2078
2
94136
2
94567
2
96044
2
49033
2
95120
2
33163
2
45605
2
83573
2
94100
2
11705
2
51820
2
8578
2
6892
2
6026
2
85007
2
10426
2
43586
2
34827
2
96463
2
58347
2
72254
2
47068
2
6356
2
97196
2
12781
2
73326
2
43628
2
83852
2
70005
2
79790
2
85930
2
87210
2
97425
2
5051
2
59311
2
92555
2
38215
2
27985
2
76137
2
55383
2
39690
2
51025
2
87020
2
69641
2
57051
2
72037
2
3135
2
647
2
29932
2
99599
2
82053
2
25254
2
69735
2
88410
2
22460
2
5584
2
61745
2
66088
2
89436
2
54818
2
68947
2
98435
2
65096
2
89440
2
3495
2
47476
2
82004
2
64769
2
75461
2
81209
2
20161
2
38219
2
55302
2
7191
2
7870
2
12363
2
2296
2
34064
2
36069
2
32228
2
33672
2
18131
2
57483
2
3416
2
29609
2
3011
2
9001
2
91354
2
92158
2
21505
2
69241
2
61114
2
19949
2
57405
2
50564
2
23445
2
4890
2
55636
2
88214
2
3419
2
59914
2
8385
2
41639
2
15225
2
15576
2
72568
2
50647
2
40931
2
6641
2
86716
2
73159
2
63373
2
4857
2
30651
2
89848
2
57525
2
56721
2
98849
2
71948
2
48889
2
43423
2
41198
2
10012
2
63372
2
98603
2
83635
2
86817
2
26562
2
62340
2
75041
2
29981
2
22263
2
6494
2
94679
2
60547
2
45129
2
67256
2
11204
2
86060
2
96957
2
97920
2
82287
2
60339
2
25845
2
36007
2
50196
2
83371
2
92728
2
72114
2
55328
2
41626
2
15546
2
19594
2
74698
2
78918
2
41265
2
81401
2
88804
2
67827
2
43750
2
86913
2
97809
2
89072
2
16475
2
92497
2
49629
2
61604
2
82822
2
60833
2
70732
2
2856
2
81821
2
53028
2
63195
2
7676
2
89035
2
36459
2
14115
2
4841
2
31641
2
92502
2
46467
2
70246
2
12105
2
44233
2
72233
2
53370
2
25644
2
61046
2
21207
2
69394
2
71027
2
42084
2
81535
2
87502
2
57649
2
31173
2
49115
2
63539
2
92006
2
42915
2
66395
2
73836
2
95943
2
52658
2
4580
2
8056
2
12186
2
18695
2
12897
2
43827
2
11206
2
82423
2
14083
2
46370
2
26666
2
86316
2
99741
2
75369
2
70430
2
44016
2
44772
2
41466
2
9168
2
26316
2
28977
2
89876
2
80548
2
1160
2
53425
2
72563
2
44075
2
42888
2
69468
2
63086
2
95547
2
74048
2
94201
2
7742
2
15812
2
30166
2
74628
2
50077
2
12599
2
11779
2
96448
2
62324
2
98095
2
96198
2
37702
2
91593
2
63282
2
5542
2
33068
2
95509
2
54918
2
85104
2
85394
2
35475
2
9332
2
38828
2
31107
2
53407
2
4785
2
584
2
39562
2
341
2
97691
2
33772
2
31142
2
36571
2
86998
2
28838
2
86649
2
22665
2
40618
2
83106
2
84989
2
61781
2
2381
2
45759
2
53384
2
65663
2
74360
2
9520
2
61181
2
29287
2
17693
2
69643
2
87822
2
27025
2
8481
2
41997
2
3501
2
36325
2
42581
2
43063
2
36666
2
63340
2
99894
2
90867
2
99912
2
86901
2
42773
2
86570
2
32634
2
83391
2
92744
2
40691
2
45182
2
95125
2
86450
2
21634
2
83856
2
83879
2
31154
2
68105
2
36234
2
48847
2
37757
2
24065
2
75873
2
69297
2
66062
2
2442
2
5631
2
31711
2
68564
2
65356
2
18120
2
91526
2
79291
2
18041
2
78437
2
22074
2
27679
2
34139
2
5474
2
20432
2
74831
2
73715
2
38625
2
61290
2
95349
2
22490
2
68237
2
26513
2
13663
2
4481
2
98419
2
51420
2
51605
2
97360
2
20727
2
40736
2
99802
2
26358
2
95506
2
68375
2
14783
2
13635
2
59911
2
94074
2
54735
2
61416
2
16157
2
5482
2
95555
2
44691
2
25914
2
93454
2
18415
2
87598
2
54754
2
13774
2
33156
2
46059
2
63346
2
46819
2
50540
2
61774
2
98240
2
25214
2
59144
2
42035
2
65950
2
82014
2
91452
2
61465
2
73458
2
6244
2
75101
2
56437
2
328
2
52904
2
40921
2
39544
2
58387
2
59544
2
84235
2
7369
2
53008
2
2660
2
94968
2
30830
2
39493
2
28133
2
76889
2
2848
2
74953
2
27439
2
64622
2
96261
2
52653
2
46834
2
38305
2
41671
2
51917
2
52825
2
3145
2
25384
2
59070
2
1314
2
81821
2
82457
2
54219
2
22751
2
22010
2
35674
2
82295
2
29314
2
43043
2
35312
2
55033
2
61079
2
66142
2
94526
2
89213
2
66100
2
97374
2
87234
2
93539
2
85064
2
6572
2
69260
2
54967
2
67936
2
10940
2
6893
2
20770
2
37144
2
55336
2
79840
2
61518
2
60225
2
85365
2
38805
2
82976
2
30444
2
74479
2
88339
2
59758
2
17531
2
46720
2
14800
2
78611
2
35930
2
32394
2
90892
2
2039
2
29777
2
1203
2
18646
2
37909
2
7775
2
10974
2
92876
2
75711
2
44973
2
22837
2
19549
2
82118
2
78173
2
22458
2
66704
2
61466
2
7832
2
5518
2
44451
2
61335
2
79997
2
55859
2
44161
2
20596
2
25647
2
82020
2
22275
2
84636
2
14423
2
36235
2
86676
2
67259
2
37438
2
28390
2
5178
2
68272
2
39365
2
21122
2
67051
2
7406
2
67019
2
86601
2
89524
2
68260
2
9068
2
79296
2
29736
2
39959
2
84814
2
97246
2
24363
2
87879
2
53114
2
68524
2
8485
2
1829
2
50554
2
53819
2
86466
2
64977
2
90055
2
96210
2
32246
2
50561
2
24609
2
60483
2
18843
2
87033
2
81605
2
8962
2
94440
2
48633
2
18631
2
7041
2
39962
2
50758
2
86338
2
69698
2
90718
2
94220
2
66953
2
15090
2
82109
2
43136
2
6682
2
90594
2
44965
2
57236
2
67481
2
54499
2
22223
2
57545
2
50718
2
77528
2
8116
2
98387
2
38020
2
50018
2
8497
2
19634
2
82039
2
2946
2
91327
2
680
2
33047
2
31298
2
51438
2
42453
2
1005
2
65224
2
36682
2
91017
2
3382
2
41859
2
34162
2
10065
2
32462
2
2196
2
67301
2
23012
2
56695
2
89524
2
80557
2
30482
2
67061
2
11741
2
28878
2
28149
2
84818
2
37375
2
47784
2
66867
2
63381
2
62179
2
67547
2
19496
2
16545
2
42053
2
61949
2
40609
2
7287
2
21699
2
31635
2
10669
2
63559
2
88857
2
20734
2
19089
2
14121
2
88036
2
42101
2
70816
2
637
2
45727
2
24366
2
90758
2
57468
2
53244
2
18916
2
65355
2
13688
2
89759
2
32231
2
77069
2
51947
2
22846
2
19633
2
68492
2
64899
2
81582
2
9110
2
72186
2
26349
2
63805
2
82856
2
89908
2
52671
2
3599
2
32066
2
66792
2
14703
2
74167
2
60676
2
15341
2
19903
2
85043
2
29167
2
440
2
61355
2
48083
2
65795
2
75043
2
37852
2
21094
2
75180
2
12867
2
43940
2
94813
2
81360
2
8848
2
99463
2
13538
2
4103
2
25822
2
77343
2
86959
2
38798
2
53082
2
13626
2
70864
2
19883
2
51389
2
68100
2
3628
2
89789
2
11071
2
88671
2
18965
2
11511
2
73094
2
67048
2
374
2
48147
2
27968
2
21468
2
46395
2
63895
2
88467
2
64277
2
45264
2
97316
2
86808
2
81861
2
24487
2
12639
2
82273
2
11455
2
74497
2
35364
2
48140
2
45370
2
78307
2
99529
2
36538
2
81935
2
89327
2
47610
2
93674
2
31360
2
59121
2
66777
2
21477
2
82555
2
37992
2
49445
2
4032
2
84388
2
13349
2
92500
2
71733
2
81672
2
12893
2
58550
2
86602
2
37380
2
94249
2
68884
2
71894
2
68755
2
4257
2
43102
2
37193
2
82564
2
42641
2
73732
2
87567
2
55036
2
21351
2
81250
2
9465
2
3540
2
48037
2
30942
2
86095
2
86029
2
3455
2
13196
2
93485
2
39864
2
28764
2
65227
2
44604
2
41657
2
23787
2
31215
2
2105
2
18045
2
108
2
73999
2
9868
2
27425
2
40169
2
47061
2
33057
2
82810
2
43861
2
20634
2
60915
2
65212
2
1893
2
93439
2
91812
2
72989
2
24390
2
77916
2
59028
2
27845
2
91112
2
52522
2
90768
2
19885
2
40818
2
35382
2
84601
2
87664
2
66597
2
9774
2
28777
2
89765
2
6841
2
38645
2
40258
2
47011
2
8774
2
73315
2
29830
2
52636
2
17017
2
13813
2
17857
2
41970
2
7261
2
32737
2
14968
2
54710
2
10663
2
73996
2
5624
2
24843
2
49587
2
96392
2
67788
2
13473
2
31783
2
75457
2
1146
2
21449
2
85232
2
29923
2
34282
2
92073
2
68568
2
74540
2
39093
2
77342
2
70923
2
91983
2
53046
2
87941
2
5805
2
93963
2
29920
2
36126
2
26709
2
44888
2
13904
2
37372
2
41953
2
19528
2
85275
2
14608
2
15930
2
53072
2
28081
2
70772
2
28538
2
29227
2
92221
2
13779
2
59150
2
26512
2
5862
2
50786
2
1061
2
68014
2
51196
2
71985
2
60006
2
4252
2
82994
2
88871
2
98215
2
12923
2
25006
2
24933
2
80870
2
61969
2
85365
2
22832
2
81498
2
70649
2
37440
2
97428
2
46789
2
88580
2
68209
2
98386
2
17816
2
83499
2
12175
2
34
2
10020
2
41096
2
50820
2
34141
2
9119
2
2026
2
29194
2
92185
2
29337
2
12197
2
81065
2
27561
2
48179
2
29139
2
75553
2
29058
2
91108
2
83986
2
74950
2
72615
2
77703
2
35458
2
93111
2
24501
2
24048
2
84389
2
22897
2
64923
2
67897
2
58131
2
64958
2
985
2
22295
2
15787
2
58185
2
54473
2
40872
2
87379
2
46667
2
93268
2
22644
2
27741
2
43897
2
70823
2
56880
2
19460
2
22950
2
71057
2
26514
2
97900
2
43681
2
4227
2
56426
2
36802
2
51787
2
80474
2
21200
2
74684
2
45407
2
12165
2
55883
2
10374
2
13150
2
1246
2
49220
2
94395
2
55720
2
13161
2
81783
2
2396
2
6438
2
27496
2
53197
2
50336
2
98319
2
33145
2
92855
2
44337
2
4211
2
19378
2
65305
2
70952
2
46664
2
21741
2
30822
2
98452
2
2224
2
75081
2
96204
2
70690
2
87246
2
52097
2
4132
2
23464
2
53343
2
76412
2
17868
2
32131
2
89573
2
22720
2
57587
2
19079
2
50216
2
33852
2
92474
2
71603
2
66997
2
85338
2
15950
2
94268
2
27785
2
4323
2
65229
2
97508
2
26064
2
96051
2
95969
2
51348
2
71141
2
92183
2
22047
2
81455
2
67348
2
49239
2
27987
2
43759
2
25660
2
45856
2
75891
2
38301
2
91635
2
56546
2
57380
2
41860
2
90398
2
49864
2
36531
2
57404
2
58270
2
52481
2
74740
2
9123
2
56805
2
39978
2
6641
2
5937
2
59097
2
25678
2
57285
2
53306
2
40929
2
2401
2
57829
2
31345
2
51640
2
85817
2
75105
2
368
2
31682
2
74064
2
38669
2
46385
2
53678
2
19117
2
88245
2
44085
2
68981
2
24785
2
24557
2
50320
2
335
2
99298
2
82502
2
80199
2
62344
2
12211
2
86136
2
44510
2
37890
2
66490
2
97816
2
1887
2
68891
2
55655
2
33233
2
43599
2
64540
2
31406
2
43967
2
19290
2
28538
2
5704
2
65675
2
82216
2
24821
2
53929
2
49369
2
16871
2
1782
2
73926
2
90250
2
2117
2
96292
2
72761
2
5384
2
58646
2
84973
2
91521
2
26224
2
45931
2
58020
2
24049
2
47818
2
49979
2
2772
2
81051
2
93578
2
67312
2
35525
2
60613
2
86602
2
64063
2
66317
2
75345
2
46288
2
14206
2
29283
2
95657
2
31077
2
54125
2
92652
2
21336
2
79301
2
88953
2
94098
2
84686
2
70667
2
2148
2
99275
2
96891
2
48079
2
80363
2
44009
2
95897
2
30351
2
69840
2
26
2
46997
2
60221
2
35551
2
7619
2
69891
2
99615
2
96995
2
45246
2
68971
2
11210
2
74529
2
87697
2
65347
2
51722
2
80358
2
86683
2
31033
2
92379
2
3858
2
15728
2
86115
2
6006
2
38071
2
83015
2
54085
2
18443
2
50092
2
73051
2
48794
2
19942
2
73077
2
95791
2
80163
2
8637
2
26478
2
50063
2
31320
2
23482
2
95309
2
301
2
57751
2
92907
2
11066
2
23107
2
44638
2
14492
2
9800
2
98730
2
6880
2
36717
2
37526
2
92995
2
42724
2
75597
2
99079
2
19877
2
94040
2
49180
2
92928
2
42843
2
69122
2
89073
2
61702
2
72353
2
97711
2
11248
2
22426
2
29040
2
34730
2
40803
2
52400
2
15550
2
33719
2
86525
2
38657
2
1426
2
1026
2
71516
2
165
2
30966
2
8243
2
37692
2
47029
2
74026
2
36357
2
46117
2
93903
2
30407
2
18366
2
9909
2
96309
2
10556
2
98982
2
81080
2
82910
2
96702
2
92328
2
5345
2
48811
2
50127
2
69207
2
24279
2
65677
2
2936
2
10814
2
4343
2
27421
2
11840
2
75860
2
50645
2
65865
2
7171
2
11405
2
12904
2
81197
2
47763
2
59021
2
75109
2
78170
2
455
2
8086
2
97547
2
11012
2
7078
2
78636
2
93922
2
3789
2
70974
2
22335
2
75659
2
44169
2
91542
2
23007
2
9855
2
17546
2
33821
2
14198
2
44967
2
68720
2
13126
2
95613
2
34595
2
43356
2
7027
2
47499
2
24562
2
77849
2
29588
2
22740
2
56028
2
30044
2
30826
2
76644
2
41056
2
37904
2
78348
2
58046
2
64753
2
72390
2
80381
2
63480
2
16568
2
71932
2
86487
2
26423
2
12547
2
43376
2
63681
2
80573
2
12106
2
76807
2
99254
2
69760
2
20173
2
6291
2
17268
2
67794
2
7208
2
69915
2
90534
2
86296
2
99959
2
44429
2
62949
2
64083
2
82333
2
41306
2
22138
2
70154
2
13706
2
2528
2
33644
2
30274
2
97520
2
43199
2
79757
2
33135
2
86576
2
43447
2
13717
2
98682
2
43322
2
12981
2
91510
2
86554
2
42331
2
31846
2
54358
2
49539
2
1770
2
67960
2
35844
2
24798
2
35457
2
21861
2
88881
2
40859
2
63168
2
34088
2
11022
2
99933
2
59675
2
67725
2
53275
2
80263
2
10934
2
33041
2
13407
2
97510
2
99547
2
27125
2
19269
2
42879
2
63165
2
33847
2
29442
2
5505
2
65693
2
6868
2
55044
2
67463
2
97888
2
13957
2
92261
2
33354
2
35818
2
4220
2
74213
2
98986
2
61367
2
85236
2
21996
2
44110
2
76029
2
75272
2
24383
2
86963
2
31381
2
60849
2
7550
2
30938
2
11042
2
49878
2
73817
2
74207
2
83725
2
26327
2
79712
2
49427
2
33196
2
57825
2
16900
2
31093
2
71782
2
32229
2
64447
2
7609
2
59508
2
38670
2
29664
2
43943
2
46974
2
74719
2
88054
2
23012
2
50000
2
12446
2
33044
2
81382
2
96354
2
40594
2
12329
2
7406
2
90473
2
9214
2
81613
2
97266
2
35541
2
84394
2
46703
2
91796
2
42228
2
86662
2
22898
2
37078
2
41959
2
10414
2
67746
2
24536
2
49084
2
97410
2
68479
2
19126
2
95198
2
56542
2
42138
2
45207
2
92047
2
75182
2
49657
2
88411
2
38845
2
85045
2
18885
2
52386
2
17327
2
507
2
49661
2
52869
2
84901
2
96364
2
44674
2
50197
2
6103
2
90632
2
87275
2
48063
2
1055
2
55031
2
72599
2
73198
2
75509
2
41087
2
15392
2
70716
2
20698
2
57530
2
38992
2
35813
2
55781
2
88649
2
47292
2
17694
2
96763
2
66177
2
70080
2
14099
2
66685
2
19750
2
90027
2
74654
2
39183
2
57770
2
24861
2
68345
2
48411
2
12145
2
39476
2
72525
2
90235
2
12084
2
45732
2
65754
2
76231
2
84183
2
59538
2
19997
2
41722
2
98530
2
55810
2
20571
2
10257
2
3112
2
61324
2
7029
2
69289
2
31413
2
44187
2
59042
2
74223
2
34224
2
33706
2
36474
2
15062
2
81626
2
4828
2
63473
2
16839
2
44305
2
59066
2
7084
2
79448
2
27866
2
72838
2
78747
2
12058
2
32385
2
98744
2
76839
2
53984
2
54564
2
97411
2
64241
2
80735
2
58744
2
94329
2
73092
2
13226
2
38525
2
32144
2
87449
2
95808
2
88909
2
46991
2
10879
2
70544
2
74878
2
97411
2
87383
2
19192
2
56486
2
94467
2
21709
2
7420
2
90373
2
465
2
19478
2
45827
2
99210
2
96318
2
99811
2
76842
2
16806
2
64061
2
80645
2
98609
2
81458
2
53746
2
11844
2
19992
2
8958
2
22361
2
38869
2
97867
2
69352
2
49748
2
68420
2
44240
2
70228
2
55813
2
86491
2
49782
2
73348
2
8209
2
57203
2
86790
2
31734
2
76681
2
32626
2
54012
2
73008
2
55505
2
53922
2
12882
2
42634
2
34576
2
11501
2
24101
2
11390
2
23345
2
44093
2
20349
2
68766
2
6030
2
41284
2
38127
2
55779
2
9714
2
5435
2
49075
2
88586
2
14995
2
98857
2
85002
2
46263
2
56069
2
71801
2
77997
2
55819
2
27495
2
55077
2
51895
2
83000
2
9008
2
64778
2
25643
2
66643
2
76279
2
72803
2
78034
2
22692
2
39965
2
21451
2
91458
2
45995
2
62735
2
52654
2
1783
2
95508
2
58089
2
73917
2
84103
2
96143
2
72784
2
92174
2
42416
2
51921
2
63984
2
20422
2
30808
2
91480
2
98559
2
82704
2
97548
2
7576
2
70550
2
23201
2
74220
2
69897
2
19072
2
75322
2
92589
2
59037
2
19841
2
7125
2
5042
2
82576
2
59779
2
29884
2
1162
2
40936
2
3811
2
85265
2
37089
2
99654
2
516
2
79505
2
74643
2
64501
2
22995
2
5461
2
79049
2
21563
2
11233
2
76606
2
52199
2
81783
2
22875
2
49487
2
51689
2
41948
2
24818
2
67346
2
994
2
67718
2
74471
2
6036
2
73362
2
34259
2
58980
2
74524
2
98255
2
62791
2
82858
2
35353
2
85513
2
83374
2
14867
2
60165
2
47884
2
60921
2
65626
2
26942
2
5553
2
76859
2
3558
2
57752
2
81710
2
26433
2
7248
2
33408
2
91440
2
55125
2
764
2
92435
2
22852
2
98294
2
21539
2
96214
2
55622
2
80519
2
93807
2
53886
2
43319
2
76674
2
89239
2
51900
2
60057
2
27174
2
12075
2
31010
2
88095
2
769
2
81011
2
93648
2
77629
2
7637
2
74468
2
82407
2
57130
2
81716
2
15825
2
48579
2
59909
2
39648
2
41023
2
82761
2
61010
2
85622
2
2053
2
16641
2
66150
2
18928
2
70527
2
32538
2
95602
2
59775
2
84438
2
78727
2
10017
2
96513
2
32805
2
98113
2
97283
2
13826
2
14838
2
97980
2
44522
2
89307
2
80396
2
1661
2
94091
2
19289
2
50241
2
54010
2
81996
2
14332
2
59839
2
43016
2
23022
2
84951
2
59657
2
89173
2
3888
2
53253
2
21720
2
22558
2
13037
2
6167
2
1295
2
23055
2
25749
2
34100
2
44236
2
23041
2
70985
2
82133
2
44089
2
15517
2
94508
2
24494
2
17178
2
88609
2
66843
2
90478
2
65687
2
48848
2
27879
2
48594
2
14932
2
50901
2
56614
2
74590
2
63142
2
60502
2
27852
2
84862
2
6129
2
63948
2
14098
2
7424
2
10071
2
39847
2
64583
2
77366
2
85947
2
58637
2
59509
2
30045
2
74154
2
54026
2
77598
2
14400
2
65703
2
67509
2
27947
2
54458
2
16367
2
78885
2
26121
2
54358
2
52854
2
82735
2
52016
2
16006
2
66305
2
2936
2
23936
2
72434
2
66885
2
61093
2
79858
2
24
2
24008
2
67510
2
77391
2
9964
2
26156
2
36909
2
63068
2
23378
2
14003
2
63735
2
37778
2
79707
2
31253
2
88784
2
57233
2
70679
2
67678
2
83354
2
25047
2
43601
2
66098
2
77063
2
82666
2
32413
2
80000
2
6611
2
4856
2
69953
2
67705
2
7783
2
93036
2
14781
2
98352
2
70436
2
24746
2
47576
2
30413
2
10882
2
70954
2
44417
2
74617
2
31800
2
47192
2
28939
2
20594
2
4434
2
22686
2
11340
2
10857
2
70792
2
54941
2
76955
2
70924
2
37616
2
32436
2
73992
2
67287
2
60352
2
43954
2
58060
2
91194
2
60058
2
72841
2
89555
2
30504
2
20655
2
37140
2
60917
2
31538
2
8103
2
28402
2
29223
2
62962
2
98653
2
81221
2
83556
2
26156
2
26976
2
17965
2
37013
2
97768
2
72906
2
37036
2
68701
2
33591
2
69473
2
42702
2
23946
2
29834
2
9724
2
5074
2
21037
2
69783
2
77915
2
33660
2
23355
2
21639
2
93859
2
7340
2
76236
2
1971
2
35743
2
28527
2
87992
2
34405
2
9758
2
71558
2
60561
2
36734
2
89523
2
20642
2
57570
2
85497
2
57679
2
26281
2
42156
2
50220
2
92042
2
89161
2
80054
2
24835
2
94235
2
24159
2
94618
2
95219
2
80878
2
41041
2
16867
2
74746
2
48381
2
16171
2
99776
2
7192
2
44698
2
87777
2
41598
2
77515
2
82403
2
25227
2
14258
2
94994
2
45870
2
94888
2
3569
2
26617
2
21178
2
45725
2
76837
2
36288
2
57955
2
79959
2
61123
2
52199
2
27186
2
78809
2
70486
2
8073
2
19859
2
10421
2
82819
2
68241
2
26592
2
5672
2
75433
2
71291
2
93449
2
40099
2
48815
2
75862
2
88386
2
86133
2
70865
2
57324
2
81030
2
74434
2
83941
2
25276
2
43228
2
83846
2
61564
2
1192
2
63814
2
22697
2
76450
2
91000
2
24574
2
70005
2
22141
2
44434
2
80426
2
28028
2
35743
2
7028
2
33700
2
34244
2
1387
2
27158
2
74344
2
73261
2
26088
2
85798
2
82462
2
20022
2
43131
2
63501
2
94456
2
50140
2
11845
2
60752
2
33995
2
96469
2
85003
2
20877
2
42234
2
84522
2
11886
2
66808
2
54536
2
57086
2
34310
2
34971
2
85114
2
70053
2
65058
2
18823
2
4307
2
66445
2
69040
2
1719
2
39716
2
95129
2
10585
2
22187
2
15160
2
53716
2
8757
2
32684
2
26924
2
43661
2
93437
2
83978
2
40139
2
1517
2
4864
2
82373
2
86039
2
39809
2
72250
2
63643
2
96895
2
6569
2
98615
2
82018
2
76623
2
63682
2
23909
2
3998
2
53196
2
92949
2
28776
2
15980
2
88087
2
39361
2
61226
2
26315
2
16145
2
93042
2
59000
2
43069
2
36713
2
75505
2
50115
2
99911
2
90
2
54979
2
82294
2
86130
2
94788
2
54553
2
49782
2
91692
2
61122
2
71465
2
96778
2
60813
2
58216
2
20696
2
87870
2
34480
2
13654
2
16655
2
50460
2
24810
2
79075
2
34754
2
51125
2
95220
2
27806
2
33193
2
61357
2
87578
2
31766
2
11481
2
87498
2
31857
2
66460
2
92860
2
41055
2
84316
2
47422
2
13905
2
76017
2
31613
2
8439
2
72804
2
15494
2
66655
2
16568
2
3374
2
1144
2
30223
2
20029
2
74663
2
78092
2
22173
2
9426
2
52285
2
17402
2
37232
2
8547
2
1828
2
47878
2
40313
2
36368
2
35386
2
95229
2
25897
2
28255
2
59352
2
10222
2
98737
2
96317
2
9308
2
53418
2
4765
2
5180
2
68912
2
94479
2
21749
2
95345
2
18691
2
75031
2
15384
2
16422
2
53132
2
37557
2
25848
2
28485
2
78018
2
86140
2
37032
2
2914
2
34027
2
77346
2
39283
2
92472
2
95643
2
65180
2
20737
2
55005
2
98461
2
42542
2
74390
2
7778
2
95960
2
79155
2
12959
2
87940
2
96702
2
57767
2
83295
2
15402
2
32807
2
98679
2
31824
2
9007
2
59304
2
80731
2
37492
2
60390
2
66880
2
74525
2
63305
2
23976
2
74939
2
25656
2
16457
2
93650
2
13904
2
60253
2
71723
2
12374
2
2804
2
46122
2
43212
2
98764
2
48345
2
79230
2
86714
2
45056
2
37006
2
70018
2
83517
2
92872
2
91765
2
15350
2
24947
2
74137
2
19150
2
62439
2
34536
2
86030
2
60032
2
20909
2
33074
2
58039
2
69624
2
72591
2
74758
2
83528
2
32853
2
46490
2
18971
2
35658
2
15681
2
62183
2
34431
2
64026
2
41422
2
44213
2
9092
2
1496
2
37299
2
92609
2
17436
2
29073
2
31028
2
42383
2
26278
2
50178
2
27890
2
83874
2
59276
2
10991
2
4792
2
92351
2
92089
2
97476
2
64951
2
66856
2
81013
2
20872
2
36415
2
99984
2
56530
2
52096
2
85235
2
14030
2
16131
2
49725
2
81302
2
25223
2
74280
2
18611
2
40901
2
91716
2
47684
2
71929
2
57167
2
97022
2
45175
2
85058
2
80905
2
4460
2
19117
2
85697
2
19879
2
11215
2
83182
2
7898
2
78072
2
87264
2
28771
2
37555
2
10325
2
8369
2
89651
2
95561
2
45458
2
5791
2
45295
2
26770
2
54074
2
42644
2
45381
2
18043
2
34369
2
16133
2
13040
2
91537
2
13164
2
58215
2
99663
2
94069
2
85734
2
18789
2
2844
2
28682
2
30004
2
86026
2
59639
2
31144
2
96358
2
11478
2
68699
2
6693
2
19848
2
58359
2
25322
2
65306
2
87210
2
93676
2
92076
2
64352
2
36329
2
60525
2
82395
2
70699
2
76659
2
95435
2
85304
2
89823
2
76718
2
84976
2
83902
2
62461
2
26833
2
86746
2
91143
2
56837
2
95840
2
73851
2
11050
2
15276
2
85329
2
79749
2
21969
2
28245
2
61177
2
47291
2
93552
2
48396
2
40976
2
8705
2
12757
2
77306
2
69231
2
18220
2
71073
2
68958
2
13664
2
56386
2
58790
2
90382
2
64430
2
65760
2
75911
2
91263
2
75574
2
67064
2
71168
2
71424
2
63983
2
82218
2
86700
2
49321
2
85036
2
31737
2
77567
2
46222
2
2096
2
94187
2
17686
2
43072
2
2901
2
53502
2
43446
2
95191
2
71722
2
37587
2
64158
2
8454
2
17041
2
46017
2
98836
2
4539
2
11786
2
74756
2
95802
2
87361
2
64888
2
90039
2
58794
2
51939
2
72266
2
68562
2
1270
2
80370
2
23367
2
78837
2
49660
2
25463
2
96092
2
67346
2
91594
2
98993
2
43916
2
58109
2
17262
2
38706
2
95696
2
81420
2
47160
2
12747
2
27446
2
69064
2
17286
2
62292
2
66889
2
36157
2
49662
2
54845
2
26205
2
31524
2
6794
2
21539
2
23154
2
8064
2
1919
2
46521
2
9969
2
51579
2
71984
2
6070
2
41994
2
86646
2
28131
2
85910
2
44764
2
45393
2
47685
2
63529
2
49882
2
94845
2
99335
2
396
2
86978
2
16630
2
62688
2
53876
2
75846
2
12359
2
8730
2
25119
2
43883
2
38583
2
46659
2
67037
2
69706
2
71637
2
36626
2
79675
2
46284
2
31678
2
8813
2
88278
2
18334
2
36945
2
97257
2
86157
2
5406
2
44951
2
49695
2
78347
2
62864
2
49039
2
78744
2
49851
2
88729
2
41441
2
26795
2
64584
2
76860
2
58585
2
12772
2
43811
2
97168
2
59431
2
10858
2
66884
2
54136
2
70543
2
69627
2
429
2
2231
2
1509
2
11776
2
20565
2
61513
2
9042
2
29790
2
66919
2
77052
2
79486
2
45276
2
62984
2
28534
2
47088
2
12845
2
17272
2
88529
2
39640
2
4925
2
88457
2
21293
2
17697
2
32278
2
18471
2
196
2
43136
2
8423
2
54332
2
36747
2
1118
2
77820
2
38978
2
2627
2
89596
2
82602
2
64140
2
21706
2
12402
2
54128
2
21826
2
91888
2
99404
2
84811
2
43490
2
69560
2
97656
2
60763
2
58098
2
60364
2
65688
2
46565
2
81658
2
6453
2
1911
2
23197
2
6649
2
68106
2
54679
2
60981
2
4862
2
55797
2
38810
2
43841
2
81484
2
51475
2
49511
2
45633
2
73181
2
84972
2
99761
2
95008
2
76869
2
22242
2
79828
2
43428
2
91802
2
561
2
27259
2
72969
2
83984
2
92947
2
42602
2
65651
2
22468
2
44513
2
11916
2
29117
2
12628
2
66595
2
90098
2
17490
2
45461
2
51976
2
84390
2
26954
2
3460
2
56970
2
72587
2
99701
2
41951
2
95417
2
94718
2
41889
2
40727
2
97614
2
85317
2
55598
2
98175
2
12585
2
28576
2
82168
2
28600
2
94237
2
70888
2
51068
2
61818
2
82804
2
80185
2
97505
2
72468
2
93351
2
38063
2
17938
2
45336
2
22463
2
44892
2
71856
2
2501
2
40547
2
71566
2
44452
2
59032
2
89352
2
86341
2
99760
2
86975
2
94726
2
55367
2
8227
2
7320
2
7011
2
90395
2
58979
2
1257
2
84351
2
10056
2
63075
2
90224
2
13309
2
83648
2
85760
2
6669
2
21720
2
3707
2
75065
2
67242
2
71658
2
46930
2
69743
2
35273
2
41564
2
14205
2
94306
2
30925
2
23614
2
94075
2
40968
2
18350
2
72510
2
49195
2
25670
2
79521
2
62658
2
7718
2
80778
2
47019
2
17774
2
66921
2
60311
2
54143
2
50578
2
46080
2
83871
2
72298
2
72846
2
58945
2
39550
2
67572
2
28943
2
32361
2
2854
2
93566
2
46566
2
20228
2
24500
2
70181
2
37371
2
88527
2
88531
2
9890
2
37731
2
37269
2
89411
2
399
2
68046
2
93257
2
70477
2
8889
2
83246
2
30797
2
63032
2
33833
2
99936
2
46912
2
29200
2
95850
2
28926
2
91809
2
63431
2
80928
2
24179
2
89344
2
97563
2
93805
2
9582
2
45131
2
87054
2
46953
2
33668
2
98653
2
79903
2
71399
2
35931
2
69323
2
94857
2
27046
2
62590
2
65343
2
35935
2
45845
2
19208
2
98967
2
2747
2
42212
2
68947
2
55006
2
38071
2
20941
2
69883
2
1511
2
24938
2
17130
2
90856
2
22510
2
10944
2
23506
2
67641
2
97998
2
93518
2
24377
2
96660
2
73430
2
95777
2
55660
2
42763
2
90643
2
82706
2
28421
2
79055
2
18650
2
97325
2
21331
2
40685
2
23140
2
63544
2
32700
2
78146
2
1624
2
53642
2
48038
2
3136
2
1648
2
65169
2
17060
2
47217
2
99172
2
40566
2
14867
2
97180
2
34093
2
39245
2
16917
2
7533
2
58090
2
72577
2
73355
2
71801
2
55292
2
1785
2
50865
2
97001
2
22178
2
72197
2
60754
2
45319
2
58809
2
93455
2
23474
2
60433
2
70165
2
94572
2
86628
2
94872
2
82809
2
3697
2
42098
2
81990
2
67322
2
80024
2
2247
2
24484
2
19278
2
19165
2
55076
2
436
2
91742
2
51499
2
72238
2
70103
2
76343
2
46171
2
90172
2
98521
2
41436
2
50936
2
43849
2
254
2
67459
2
90383
2
60688
2
60692
2
8032
2
70384
2
55573
2
90841
2
74082
2
97671
2
95899
2
64472
2
77704
2
98147
2
12024
2
20051
2
40380
2
67100
2
43546
2
55190
2
18608
2
38852
2
25302
2
18019
2
85024
2
38543
2
16550
2
49528
2
12547
2
83458
2
49783
2
3074
2
96909
2
33539
2
63766
2
4950
2
3932
2
42407
2
18859
2
1082
2
40087
2
37827
2
65555
2
40859
2
59042
2
647
2
83969
2
99422
2
67748
2
27525
2
54621
2
9424
2
66377
2
2992
2
27444
2
74469
2
41535
2
67053
2
24007
2
77141
2
50520
2
96849
2
80215
2
70498
2
30397
2
43990
2
75448
2
57388
2
86397
2
17376
2
58471
2
49552
2
55203
2
47094
2
13479
2
14254
2
47741
2
97449
2
36744
2
38557
2
48042
2
91365
2
71041
2
37487
2
17425
2
21553
2
11966
2
58960
2
88606
2
59032
2
59169
2
62194
2
55890
2
39393
2
55760
2
9355
2
83383
2
31218
2
66743
2
92848
2
48594
2
48282
2
65468
2
26865
2
95376
2
78948
2
64178
2
66186
2
99465
2
931
2
27811
2
47516
2
92296
2
98852
2
85003
2
32790
2
20414
2
20037
2
14818
2
32088
2
79069
2
73988
2
17351
2
58027
2
13390
2
73111
2
90441
2
19842
2
27397
2
57194
2
12699
2
99050
2
28544
2
78168
2
25924
2
46989
2
80184
2
90102
2
13184
2
79658
2
91033
2
40995
2
27183
2
6407
2
62916
2
35254
2
39197
2
83330
2
78351
2
54015
2
38487
2
80488
2
28012
2
78897
2
38525
2
64462
2
52017
2
28975
2
84304
2
79415
2
9237
2
20071
2
78474
2
37782
2
98239
2
27467
2
84771
2
78432
2
40637
2
21023
2
81158
2
31680
2
85077
2
31409
2
61146
2
48002
2
66664
2
23411
2
54401
2
68083
2
77426
2
92888
2
48580
2
28507
2
71794
2
10173
2
16037
2
46879
2
62208
2
350
2
26303
2
71445
2
20421
2
27846
2
32295
2
41729
2
78372
2
40134
2
43229
2
19018
2
61157
2
24397
2
50698
2
46244
2
55806
2
34912
2
17314
2
45538
2
58323
2
71715
2
13630
2
58818
2
64612
2
85270
2
10393
2
59474
2
95443
2
26430
2
6363
2
57660
2
49839
2
32666
2
52174
2
70260
2
83571
2
84469
2
35057
2
61952
2
24613
2
78287
2
4039
2
8838
2
25752
2
77796
2
78141
2
4626
2
12718
2
95456
2
50165
2
94100
2
67180
2
86854
2
52927
2
54861
2
72133
2
63320
2
14344
2
90645
2
12818
2
20707
2
48314
2
62657
2
76433
2
497
2
55986
2
83072
2
8035
2
91043
2
68093
2
32648
2
92398
2
72132
2
64545
2
18159
2
49937
2
42696
2
22786
2
62655
2
38161
2
96010
2
79824
2
28409
2
5941
2
32760
2
83270
2
1143
2
19149
2
97615
2
91788
2
55026
2
41390
2
63170
2
17693
2
17832
2
86727
2
96738
2
914
2
94762
2
87790
2
69007
2
50478
2
80198
2
64207
2
15032
2
21425
2
14153
2
57728
2
44211
2
99868
2
18957
2
63289
2
79701
2
70426
2
69231
2
35529
2
53705
2
70374
2
54678
2
74388
2
85230
2
9714
2
15788
2
48409
2
50466
2
56679
2
35145
2
47213
2
80652
2
29916
2
58071
2
72727
2
3462
2
61337
2
36943
2
18495
2
5831
2
74156
2
99282
2
50042
2
74033
2
41308
2
36400
2
76802
2
11743
2
5640
2
12340
2
65448
2
99073
2
90078
2
62905
2
84312
2
22860
2
78693
2
55789
2
73326
2
58440
2
14003
2
43607
2
39102
2
66978
2
24746
2
34897
2
70441
2
9152
2
71841
2
88936
2
14983
2
46006
2
11295
2
88084
2
43107
2
52603
2
24493
2
19918
2
64346
2
53192
2
32258
2
52863
2
75333
2
45404
2
15777
2
82713
2
68264
2
17538
2
38512
2
64658
2
75978
2
52515
2
8274
2
38148
2
19502
2
56080
2
73046
2
13011
2
65232
2
44896
2
1956
2
80215
2
13970
2
36311
2
68308
2
57077
2
88914
2
15870
2
63
2
53270
2
69062
2
55380
2
6142
2
44405
2
794
2
21919
2
27127
2
69058
2
62516
2
88698
2
33726
2
38503
2
41222
2
65059
2
76652
2
83784
2
21148
2
49707
2
96795
2
9448
2
17671
2
21820
2
89663
2
54700
2
58131
2
81040
2
11786
2
70113
2
96910
2
34908
2
46451
2
65981
2
90288
2
52593
2
33454
2
14150
2
97571
2
83641
2
83209
2
60096
2
72348
2
40003
2
21668
2
36639
2
28130
2
21388
2
43491
2
49279
2
94154
2
63354
2
58727
2
11834
2
8242
2
71459
2
66534
2
66373
2
52508
2
1388
2
59555
2
49427
2
59355
2
6015
2
38476
2
49652
2
81668
2
94990
2
86862
2
79248
2
78640
2
70080
2
62413
2
74056
2
33151
2
7149
2
10704
2
61281
2
28537
2
54195
2
33628
2
22700
2
40618
2
15424
2
57593
2
48860
2
9951
2
47195
2
38302
2
62459
2
71642
2
97857
2
34954
2
31006
2
3881
2
96489
2
3726
2
85549
2
91488
2
90588
2
87866
2
70137
2
83736
2
73347
2
44203
2
16896
2
80496
2
77966
2
1246
2
9042
2
55230
2
57933
2
54801
2
95848
2
73357
2
12403
2
44717
2
83308
2
82657
2
83019
2
68835
2
54308
2
80885
2
3798
2
85314
2
7835
2
297
2
89040
2
93384
2
14853
2
2706
2
4327
2
84991
2
86442
2
77674
2
52262
2
26407
2
81238
2
30237
2
27653
2
13348
2
85467
2
8654
2
68149
2
4392
2
5080
2
3620
2
49110
2
88388
2
86277
2
32138
2
80292
2
63653
2
36092
2
7158
2
48976
2
43927
2
30514
2
61085
2
60379
2
45368
2
63791
2
64707
2
53427
2
50242
2
65449
2
28757
2
99708
2
46697
2
58994
2
27370
2
83104
2
67530
2
59084
2
74322
2
94981
2
64164
2
1010
2
44100
2
75620
2
10356
2
99298
2
55921
2
74009
2
35399
2
63080
2
22995
2
79326
2
16662
2
7148
2
39714
2
62030
2
70939
2
4430
2
38525
2
44249
2
92939
2
67282
2
43967
2
62704
2
49345
2
94396
2
45817
2
39943
2
53489
2
43207
2
34933
2
17662
2
44218
2
2102
2
16351
2
54574
2
1409
2
72272
2
28592
2
36808
2
58420
2
74646
2
16143
2
75083
2
81794
2
78916
2
60181
2
75801
2
83347
2
98707
2
43119
2
99354
2
89057
2
10154
2
62067
2
38411
2
4559
2
30952
2
1422
2
81108
2
74160
2
36356
2
21838
2
18387
2
38458
2
38189
2
96020
2
39867
2
33530
2
24621
2
99734
2
91950
2
99268
2
15886
2
90101
2
4139
2
94802
2
73351
2
79941
2
1226
2
95126
2
23069
2
23648
2
84192
2
33223
2
85715
2
45672
2
60841
2
39736
2
47094
2
65017
2
13905
2
6518
2
9924
2
55351
2
68035
2
48113
2
51380
2
30970
2
81643
2
99060
2
30713
2
96662
2
21405
2
69658
2
9840
2
25545
2
87529
2
83191
2
28554
2
11823
2
78326
2
74682
2
35472
2
62528
2
30973
2
44255
2
31268
2
14882
2
83991
2
1430
2
79900
2
20964
2
7949
2
89824
2
76315
2
75984
2
61005
2
50763
2
30023
2
65717
2
72892
2
60736
2
85447
2
94297
2
30404
2
95287
2
42910
2
41001
2
78488
2
94523
2
52824
2
79882
2
69214
2
88296
2
65478
2
23255
2
32561
2
96746
2
38138
2
16561
2
98177
2
41106
2
37526
2
29194
2
53998
2
36909
2
28246
2
38071
2
87673
2
58269
2
3797
2
83633
2
19015
2
89244
2
77939
2
72478
2
7609
2
20859
2
13488
2
9165
2
38450
2
89371
2
89047
2
7674
2
77677
2
54535
2
53988
2
33306
2
74349
2
15194
2
72926
2
72535
2
79359
2
10461
2
24797
2
33366
2
70430
2
53044
2
71438
2
81171
2
11322
2
98294
2
64813
2
53396
2
10616
2
42761
2
25883
2
18225
2
86679
2
62430
2
27390
2
25139
2
74870
2
16446
2
55872
2
52556
2
94040
2
32928
2
8930
2
68399
2
48123
2
81856
2
64002
2
27491
2
15386
2
88800
2
83917
2
85816
2
41853
2
78423
2
66996
2
76234
2
76726
2
31818
2
29640
2
87342
2
97638
2
55523
2
28635
2
7395
2
41022
2
56025
2
55593
2
15901
2
95531
2
34533
2
91516
2
89580
2
67461
2
455
2
81047
2
15593
2
82311
2
45059
2
66144
2
97697
2
56927
2
50070
2
6590
2
21848
2
51561
2
73586
2
98082
2
28296
2
28472
2
27731
2
38707
2
49179
2
83255
2
67342
2
79633
2
47345
2
23377
2
35235
2
86305
2
41976
2
92827
2
898
2
31565
2
60297
2
24412
2
12622
2
98950
2
6732
2
80740
2
88162
2
27498
2
37676
2
61300
2
57147
2
59524
2
12870
2
53802
2
57615
2
64225
2
82274
2
85347
2
2941
2
54521
2
91670
2
93343
2
57222
2
62083
2
39788
2
15525
2
48397
2
81764
2
8361
2
49295
2
13338
2
68659
2
96766
2
25960
2
90677
2
3507
2
6709
2
78848
2
54064
2
67444
2
63216
2
11221
2
26977
2
76086
2
65023
2
84593
2
40320
2
70365
2
93008
2
66321
2
47955
2
84687
2
59673
2
5186
2
46779
2
99461
2
20712
2
18244
2
81234
2
52132
2
90598
2
17640
2
20800
2
87373
2
66660
2
34545
2
13948
2
96428
2
36461
2
91072
2
63882
2
99677
2
2302
2
90859
2
98831
2
90384
2
98520
2
39161
2
83817
2
14605
2
28550
2
31781
2
99292
2
88223
2
60027
2
69139
2
10761
2
3807
2
87383
2
91995
2
55939
2
1058
2
32703
2
99799
2
88431
2
99363
2
34353
2
2389
2
95801
2
93874
2
93461
2
59692
2
16628
2
18831
2
73619
2
15469
2
32283
2
95208
2
54630
2
16109
2
9822
2
6248
2
70950
2
9124
2
94471
2
54045
2
1331
2
28300
2
57852
2
88715
2
20304
2
13800
2
12841
2
53007
2
36667
2
1282
2
75439
2
94080
2
26730
2
71249
2
87963
2
43259
2
30950
2
4600
2
85149
2
27637
2
20069
2
17441
2
22854
2
97758
2
33550
2
32677
2
4015
2
27568
2
64860
2
21554
2
81613
2
89250
2
49854
2
39474
2
1042
2
93217
2
76334
2
13884
2
69293
2
13010
2
15166
2
44741
2
30158
2
64955
2
15999
2
18130
2
8223
2
70008
2
45790
2
93372
2
97645
2
88918
2
33881
2
43568
2
86686
2
67431
2
99304
2
13769
2
18068
2
87232
2
58383
2
99681
2
76491
2
8246
2
62224
2
77534
2
24532
2
61626
2
91418
2
93825
2
74636
2
29652
2
61634
2
27863
2
17675
2
701
2
45993
2
48957
2
70709
2
14851
2
42338
2
91422
2
3779
2
99278
2
58058
2
90465
2
66718
2
57371
2
27302
2
7854
2
44612
2
85685
2
7545
2
44172
2
17000
2
92828
2
21715
2
41532
2
54463
2
36201
2
58425
2
52167
2
88912
2
43127
2
80030
2
6596
2
43828
2
49092
2
78612
2
14546
2
63943
2
20959
2
29036
2
67722
2
20246
2
87095
2
81255
2
10032
2
44475
2
8567
2
40946
2
12156
2
17320
2
71550
2
79387
2
57379
2
64387
2
24170
2
21979
2
41918
2
60371
2
3472
2
94085
2
72351
2
46599
2
97184
2
2015
2
90427
2
46285
2
80627
2
28041
2
33296
2
24654
2
57078
2
1028
2
67959
2
67241
2
82283
2
1059
2
34784
2
13918
2
42005
2
69999
2
54298
2
13564
2
49395
2
11686
2
1019
2
73565
2
56725
2
42937
2
57004
2
60197
2
60091
2
29364
2
6806
2
57284
2
54438
2
97233
2
26637
2
35074
2
48343
2
59933
2
82787
2
28489
2
60961
2
50755
2
95730
2
66313
2
74874
2
30523
2
3299
2
16888
2
532
2
57597
2
30453
2
72986
2
92343
2
31472
2
46561
2
49077
2
97469
2
3574
2
9283
2
57569
2
55998
2
39148
2
14862
2
10445
2
59450
2
41499
2
68579
2
7802
2
1441
2
74434
2
36291
2
85462
2
48258
2
32030
2
51784
2
23141
2
85612
2
55083
2
40029
2
9212
2
35749
2
93541
2
82199
2
51160
2
48082
2
28769
2
246
2
45560
2
55402
2
32588
2
3138
2
34468
2
71737
2
41059
2
67973
2
31196
2
82558
2
59620
2
62057
2
7067
2
34063
2
98348
2
92529
2
82321
2
53446
2
67381
2
5471
2
39067
2
45533
2
45501
2
71339
2
81282
2
62110
2
53547
2
32451
2
10201
2
5384
2
55756
2
78820
2
83845
2
11412
2
5026
2
18323
2
83149
2
46085
2
86296
2
37413
2
51711
2
45925
2
99470
2
58779
2
79988
2
20895
2
74376
2
85378
2
74341
2
64826
2
90849
2
36477
2
10368
2
59418
2
7825
2
14718
2
44597
2
84431
2
70228
2
54798
2
89815
2
25993
2
56687
2
73669
2
37405
2
61713
2
91992
2
43623
2
7808
2
1365
2
4104
2
59519
2
47290
2
26643
2
41366
2
50347
2
47538
2
38811
2
58793
2
44948
2
3646
2
49651
2
81425
2
14014
2
32138
2
12318
2
51791
2
76735
2
96749
2
22028
2
54601
2
86573
2
48021
2
11297
2
83310
2
8494
2
73011
2
98371
2
75176
2
80819
2
99736
2
79281
2
63406
2
70095
2
5933
2
27841
2
43510
2
76530
2
66652
2
2312
2
21487
2
70298
2
75022
2
25980
2
7380
2
7169
2
38298
2
59171
2
6972
2
35056
2
4267
2
61574
2
21638
2
75347
2
95930
2
28017
2
83841
2
68950
2
26397
2
82086
2
72837
2
26142
2
84435
2
59312
2
19305
2
90368
2
87153
2
62815
2
89966
2
53814
2
88186
2
11463
2
47180
2
63218
2
37443
2
77619
2
93446
2
75742
2
36799
2
428
2
33866
2
64125
2
85061
2
78564
2
39481
2
81000
2
6590
2
46390
2
49960
2
32987
2
28485
2
45865
2
82188
2
12929
2
5186
2
1503
2
26365
2
92339
2
87377
2
16341
2
46162
2
75573
2
50863
2
16410
2
61859
2
11374
2
94029
2
55314
2
87116
2
53896
2
55742
2
44051
2
18030
2
40812
2
22624
2
57511
2
21822
2
29214
2
3911
2
94841
2
85260
2
55455
2
40715
2
67457
2
68385
2
45902
2
92019
2
94750
2
61309
2
2474
2
34159
2
7481
2
78047
2
85022
2
46950
2
62974
2
96397
2
40989
2
18297
2
6590
2
94885
2
74040
2
50641
2
35984
2
37920
2
96324
2
93495
2
82801
2
25547
2
20474
2
77651
2
10816
2
75930
2
18376
2
1342
2
67383
2
87337
2
93361
2
85201
2
48655
2
95835
2
19370
2
79195
2
96950
2
27460
2
26155
2
59933
2
23866
2
90203
2
78231
2
53516
2
8165
2
75339
2
27225
2
44149
2
13268
2
23559
2
60713
2
19138
2
49106
2
81187
2
96789
2
82982
2
80185
2
38233
2
84324
2
47577
2
25579
2
77694
2
32788
2
97294
2
96598
2
75217
2
76498
2
93557
2
2686
2
25721
2
76559
2
26553
2
15933
2
77858
2
3137
2
24099
2
53206
2
30362
2
91307
2
89533
2
76980
2
52029
2
8680
2
26096
2
56285
2
28538
2
32146
2
36479
2
66771
2
16479
2
7125
2
15419
2
17241
2
62972
2
12722
2
36907
2
38198
2
12288
2
53533
2
40884
2
61069
2
30101
2
90496
2
77002
2
7968
2
93633
2
24169
2
84233
2
47064
2
15486
2
96834
2
24053
2
90574
2
5524
2
73208
2
46868
2
57121
2
5363
2
6416
2
23901
2
44901
2
13541
2
62379
2
85202
2
76513
2
98160
2
22118
2
14720
2
10458
2
75651
2
55604
2
94586
2
28820
2
69169
2
94656
2
36788
2
62811
2
18835
2
44089
2
32943
2
57380
2
40933
2
80056
2
47963
2
69516
2
53273
2
17900
2
26646
2
81696
2
24316
2
73606
2
49665
2
37857
2
35995
2
34876
2
37438
2
34164
2
56995
2
52158
2
67681
2
55714
2
30830
2
62276
2
84535
2
23067
2
56942
2
44391
2
85879
2
98836
2
88481
2
41890
2
79284
2
29423
2
21955
2
27256
2
98939
2
75229
2
68215
2
48653
2
79993
2
92531
2
22268
2
29667
2
53456
2
58263
2
64544
2
90894
2
15496
2
44607
2
66120
2
83177
2
23389
2
20019
2
68522
2
7933
2
43086
2
48532
2
75384
2
52033
2
47377
2
63874
2
93924
2
26670
2
93297
2
38947
2
76985
2
15313
2
37244
2
68269
2
63966
2
17246
2
60809
2
9302
2
69973
2
37334
2
90625
2
57585
2
51296
2
6130
2
2201
2
40485
2
12375
2
48649
2
60504
2
3965
2
79642
2
26658
2
52497
2
55035
2
1760
2
22942
2
18918
2
18752
2
72671
2
35283
2
57699
2
49666
2
73655
2
94944
2
17944
2
60689
2
35258
2
1821
2
69991
2
5240
2
39155
2
83684
2
62825
2
13520
2
89814
2
88085
2
54005
2
25258
2
36744
2
37577
2
29223
2
16395
2
64235
2
4789
2
94489
2
89054
2
27731
2
36475
2
7815
2
412
2
71758
2
88574
2
73137
2
68481
2
83527
2
14149
2
29179
2
41853
2
15970
2
22238
2
47094
2
78185
2
5932
2
32987
2
91705
2
18814
2
21082
2
68778
2
44072
2
80885
2
6364
2
96355
2
20348
2
93658
2
1153
2
14846
2
82722
2
51943
2
51321
2
90537
2
52355
2
46147
2
79120
2
25501
2
14637
2
85715
2
39650
2
66875
2
27578
2
78680
2
89113
2
97731
2
56874
2
18113
2
30727
2
71647
2
36928
2
74868
2
40434
2
4068
2
55762
2
46798
2
23491
2
99169
2
40465
2
24644
2
14024
2
46255
2
99647
2
88404
2
59861
2
52011
2
34560
2
38990
2
581
2
72256
2
47774
2
63290
2
39140
2
98411
2
41979
2
51322
2
19219
2
21921
2
69435
2
73005
2
93568
2
29431
2
47883
2
57070
2
33500
2
26713
2
26936
2
56991
2
25892
2
90461
2
4704
2
39916
2
36725
2
4360
2
51389
2
96586
2
79430
2
85949
2
58645
2
80011
2
81274
2
29487
2
43311
2
20423
2
27907
2
8358
2
94804
2
47126
2
30280
2
64249
2
20140
2
46916
2
93680
2
91082
2
27055
2
50248
2
17805
2
53991
2
30308
2
43697
2
44461
2
35012
2
6681
2
4255
2
62431
2
81129
2
850
2
64929
2
90147
2
82554
2
44950
2
71430
2
12050
2
11329
2
14921
2
39957
2
19687
2
9735
2
10151
2
73026
2
97043
2
53351
2
43011
2
90732
2
67501
2
70066
2
64049
2
85306
2
24066
2
94357
2
52071
2
91587
2
52437
2
81812
2
18910
2
37936
2
62950
2
42819
2
2874
2
53106
2
25383
2
70883
2
24545
2
37433
2
82212
2
62526
2
459
2
24968
2
72261
2
33669
2
21062
2
69313
2
10088
2
64073
2
83113
2
77590
2
34148
2
47171
2
85964
2
81274
2
64596
2
38045
2
95929
2
40101
2
42925
2
14848
2
78037
2
5884
2
57667
2
3980
2
82050
2
6118
2
74863
2
6604
2
66611
2
57085
2
69130
2
90129
2
5121
2
64459
2
46866
2
26183
2
33781
2
56955
2
13325
2
16904
2
57613
2
47473
2
87134
2
43586
2
51815
2
51740
2
81631
2
70812
2
14909
2
47624
2
8728
2
92947
2
53509
2
66396
2
96927
2
35568
2
95573
2
71799
2
65231
2
62193
2
51952
2
57430
2
75390
2
80132
2
21898
2
22266
2
6325
2
55680
2
2289
2
42709
2
95643
2
59902
2
90182
2
5854
2
3497
2
65066
2
80653
2
8197
2
58946
2
95563
2
55821
2
67675
2
11587
2
32398
2
57139
2
8523
2
67966
2
52721
2
3390
2
33207
2
37983
2
78402
2
13705
2
13382
2
58543
2
35603
2
58707
2
87927
2
14351
2
60996
2
30645
2
33062
2
20907
2
43896
2
38917
2
47464
2
32030
2
19579
2
55661
2
90976
2
15151
2
34550
2
58660
2
26738
2
66949
2
15808
2
58320
2
34924
2
91589
2
84770
2
91190
2
29581
2
86240
2
4904
2
66022
2
67851
2
63567
2
47798
2
55788
2
77918
2
8803
2
9501
2
34049
2
52770
2
76456
2
72966
2
23302
2
31554
2
15613
2
2031
2
22540
2
53824
2
36581
2
4268
2
3630
2
3539
2
43136
2
61951
2
61523
2
34734
2
69789
2
75781
2
87374
2
56038
2
3754
2
76464
2
23898
2
67321
2
24271
2
2754
2
68307
2
56134
2
12256
2
2365
2
31972
2
11780
2
98390
2
55274
2
43335
2
14013
2
57305
2
88934
2
67837
2
93886
2
93202
2
71467
2
20494
2
36347
2
56486
2
5085
2
94140
2
26284
2
80866
2
4591
2
82322
2
7688
2
81056
2
29289
2
98068
2
28395
2
32043
2
66385
2
84529
2
67358
2
91809
2
16510
2
79139
2
90209
2
71784
2
45542
2
27290
2
29098
2
34485
2
95127
2
46053
2
50755
2
66603
2
89606
2
10171
2
23099
2
94691
2
27379
2
72442
2
98625
2
31971
2
54774
2
6323
2
13036
2
84063
2
4400
2
64490
2
39174
2
93844
2
49029
2
6542
2
8731
2
88598
2
8749
2
22008
2
60392
2
77350
2
49298
2
12558
2
11844
2
44434
2
81670
2
85658
2
34105
2
71285
2
95829
2
80263
2
65985
2
46277
2
52715
2
64620
2
78248
2
30557
2
94002
2
14352
2
37688
2
21470
2
78842
2
76862
2
15324
2
27880
2
6472
2
47114
2
16488
2
15221
2
69122
2
99939
2
92571
2
18429
2
35565
2
27483
2
62863
2
17245
2
36210
2
20036
2
88530
2
55107
2
309
2
77584
2
1393
2
53024
2
65272
2
79641
2
6649
2
59283
2
17061
2
44337
2
80753
2
95904
2
44267
2
19145
2
46852
2
50740
2
66259
2
86399
2
89020
2
58449
2
86347
2
4669
2
76878
2
21922
2
55211
2
62809
2
62226
2
91421
2
82846
2
73824
2
69597
2
6223
2
74476
2
70990
2
59247
2
39757
2
73700
2
88955
2
22108
2
90761
2
33301
2
25930
2
86674
2
636
2
45075
2
56595
2
51376
2
34403
2
43003
2
63465
2
92852
2
52419
2
68134
2
92799
2
97400
2
46413
2
55617
2
59635
2
60903
2
38472
2
56527
2
30509
2
44695
2
31013
2
1508
2
27010
2
70770
2
75208
2
39033
2
92879
2
89038
2
95393
2
18818
2
98780
2
96030
2
86952
2
55384
2
70474
2
44423
2
98388
2
33948
2
60344
2
73875
2
25150
2
53152
2
71284
2
71564
2
8778
2
30928
2
32476
2
70310
2
87455
2
86044
2
38073
2
41536
2
87552
2
88143
2
12316
2
85829
2
27185
2
28263
2
97935
2
22588
2
70140
2
96724
2
41686
2
80160
2
75177
2
12169
2
24593
2
96633
2
46118
2
84937
2
70517
2
94327
2
61157
2
41810
2
65900
2
69935
2
95797
2
21444
2
63313
2
6329
2
30556
2
24455
2
47866
2
18118
2
35666
2
60182
2
27015
2
62851
2
11513
2
48018
2
8507
2
81653
2
44751
2
50193
2
61822
2
42996
2
62363
2
9483
2
39638
2
31549
2
94420
2
10164
2
25885
2
78645
2
75033
2
14854
2
48590
2
70839
2
59357
2
34971
2
77169
2
89914
2
82485
2
25044
2
31100
2
18160
2
8294
2
81174
2
4080
2
19807
2
29201
2
12587
2
24528
2
97011
2
85840
2
86350
2
40017
2
71271
2
95834
2
79655
2
25888
2
13331
2
12888
2
51773
2
91977
2
87921
2
89686
2
63635
2
81829
2
72112
2
21674
2
82066
2
85094
2
4169
2
30178
2
16203
2
22329
2
38472
2
20445
2
26409
2
81338
2
72705
2
62056
2
5875
2
69725
2
47905
2
15293
2
9751
2
42244
2
34195
2
12475
2
68132
2
70586
2
48422
2
42973
2
62572
2
59411
2
32669
2
49275
2
41249
2
4790
2
70949
2
46383
2
89884
2
75118
2
76561
2
29155
2
20516
2
38101
2
72659
2
46925
2
42507
2
45373
2
8990
2
48382
2
15107
2
79954
2
86735
2
47918
2
22207
2
20939
2
83452
2
90339
2
91525
2
31883
2
33322
2
77165
2
14362
2
89050
2
26449
2
78671
2
16908
2
20467
2
25063
2
29860
2
95585
2
1634
2
82074
2
16110
2
62794
2
54742
2
86095
2
5311
2
124
2
95085
2
76752
2
15231
2
75049
2
63496
2
86208
2
20324
2
7504
2
69669
2
10673
2
22097
2
24620
2
67054
2
99263
2
38983
2
79172
2
48780
2
17663
2
96080
2
69247
2
65785
2
25949
2
87901
2
67419
2
8032
2
27079
2
30223
2
85833
2
36242
2
58593
2
85957
2
31337
2
35354
2
24256
2
29454
2
98851
2
10474
2
49778
2
29423
2
3211
2
83510
2
51520
2
27832
2
73632
2
73851
2
89874
2
52813
2
22641
2
30605
2
71961
2
14956
2
96390
2
20978
2
25925
2
86878
2
52069
2
76064
2
40169
2
37911
2
12315
2
98762
2
23877
2
66711
2
34125
2
48134
2
19233
2
32985
2
81667
2
92071
2
62408
2
84878
2
98649
2
36997
2
35778
2
72291
2
10857
2
48720
2
48172
2
56557
2
79325
2
20143
2
94573
2
98784
2
41121
2
43566
2
85671
2
93191
2
19639
2
25849
2
31111
2
55014
2
24620
2
78048
2
44793
2
81804
2
49250
2
87086
2
37858
2
30926
2
2234
2
23334
2
38872
2
892
2
60331
2
97710
2
96242
2
94248
2
46439
2
44424
2
50814
2
25774
2
64567
2
45396
2
24567
2
28756
2
12031
2
33306
2
45015
2
54729
2
59155
2
76127
2
9752
2
6843
2
77243
2
77605
2
88647
2
26502
2
87759
2
26514
2
57428
2
89993
2
72908
2
19368
2
90885
2
33248
2
17087
2
10205
2
27505
2
63527
2
54629
2
1388
2
12369
2
42264
2
69843
2
59995
2
71020
2
81874
2
93301
2
16045
2
36613
2
75524
2
15240
2
69424
2
82367
2
92483
2
70097
2
94082
2
42053
2
57865
2
43665
2
99481
2
47867
2
16582
2
41917
2
61821
2
49830
2
59005
2
72026
2
404
2
45600
2
49723
2
1792
2
57969
2
91987
2
71635
2
17973
2
63016
2
76578
2
34342
2
2129
2
13200
2
9875
2
40428
2
82624
2
92242
2
32920
2
75790
2
9401
2
74973
2
33664
2
53066
2
97522
2
4600
2
92707
2
39449
2
66421
2
65606
2
21522
2
61515
2
66010
2
67122
2
11247
2
90861
2
25100
2
3243
2
85564
2
66132
2
89318
2
62151
2
483
2
14516
2
98410
2
10358
2
54944
2
4112
2
25668
2
10933
2
79902
2
35069
2
85906
2
13575
2
11204
2
6506
2
18175
2
3920
2
69014
2
7664
2
69526
2
13604
2
92238
2
58604
2
80726
2
3494
2
49474
2
28894
2
29796
2
58107
2
95026
2
42183
2
43326
2
18577
2
56699
2
41746
2
51994
2
11652
2
45858
2
77662
2
22585
2
48828
2
35799
2
31560
2
85462
2
70062
2
61125
2
26706
2
73983
2
30148
2
34370
2
66577
2
43752
2
49677
2
25191
2
47546
2
76230
2
97724
2
76440
2
6036
2
55840
2
94534
2
48219
2
22235
2
36179
2
27986
2
63981
2
88173
2
62697
2
32907
2
88903
2
8351
2
4803
2
24711
2
62970
2
90265
2
94774
2
24104
2
16980
2
91825
2
77311
2
74410
2
58411
2
44131
2
24096
2
83602
2
91677
2
335
2
4404
2
91185
2
29430
2
83303
2
85728
2
717
2
5547
2
21916
2
28703
2
92587
2
33157
2
14469
2
25503
2
22069
2
22820
2
53365
2
46780
2
85790
2
43640
2
64622
2
32962
2
60620
2
56456
2
10282
2
58098
2
37936
2
54413
2
82194
2
44606
2
46099
2
5598
2
49010
2
60352
2
35028
2
32323
2
46089
2
58805
2
60929
2
91064
2
87508
2
53526
2
47289
2
25045
2
2097
2
69358
2
47865
2
55463
2
39206
2
56723
2
99103
2
26897
2
12753
2
82791
2
83353
2
23035
2
40899
2
21298
2
516
2
46161
2
88964
2
69674
2
51759
2
37983
2
30035
2
9856
2
93365
2
99183
2
68661
2
54304
2
13324
2
79237
2
7839
2
60613
2
4292
2
9936
2
29980
2
75216
2
65399
2
92246
2
55008
2
87570
2
19152
2
67761
2
70371
2
2514
2
13865
2
11279
2
46872
2
37440
2
57440
2
58904
2
7124
2
32268
2
96887
2
60218
2
42124
2
90262
2
59411
2
10794
2
67634
2
72735
2
13099
2
75473
2
33358
2
17391
2
8477
2
86397
2
15676
2
73877
2
78652
2
70684
2
61456
2
97804
2
38454
2
54895
2
23387
2
75378
2
66174
2
93318
2
12828
2
46683
2
52231
2
19952
2
78951
2
49127
2
80170
2
44143
2
62457
2
62649
2
77996
2
30100
2
35394
2
91095
2
28641
2
91811
2
8496
2
37119
2
78217
2
24172
2
34064
2
56879
2
17924
2
18588
2
54692
2
79437
2
73484
2
1147
2
54825
2
62726
2
94465
2
67653
2
9418
2
46705
2
10673
2
11437
2
18901
2
13911
2
55580
2
4426
2
76561
2
33585
2
34527
2
35023
2
47749
2
86227
2
26843
2
56245
2
23355
2
28128
2
3485
2
57419
2
85007
2
44468
2
99067
2
62768
2
23914
2
72560
2
86974
2
78739
2
35295
2
81449
2
69460
2
67773
2
51222
2
3201
2
2278
2
93182
2
17113
2
57859
2
97609
2
16742
2
14512
2
55204
2
74824
2
62261
2
41440
2
24735
2
41574
2
87855
2
52863
2
68118
2
68342
2
60939
2
12595
2
67418
2
46775
2
36510
2
39987
2
33758
2
38317
2
98342
2
38275
2
7787
2
89183
2
12566
2
10988
2
91461
2
5757
2
51160
2
72388
2
26434
2
90961
2
86901
2
81638
2
65794
2
72230
2
46147
2
90529
2
36873
2
34011
2
66461
2
5000
2
2362
2
50468
2
40655
2
69781
2
20311
2
233
2
32836
2
77128
2
38550
2
31187
2
15413
2
69396
2
43438
2
51038
2
80385
2
34909
2
56795
2
54613
2
30365
2
83230
2
45584
2
40334
2
87936
2
11387
2
12574
2
34092
2
24985
2
49447
2
68103
2
14514
2
77506
2
70466
2
64982
2
41229
2
63315
2
8361
2
41462
2
96151
2
85489
2
80013
2
50407
2
911
2
72477
2
93845
2
51949
2
75930
2
51822
2
31813
2
30553
2
82188
2
38111
2
76137
2
22531
2
26056
2
10592
2
58164
2
60149
2
58636
2
7620
2
28261
2
96209
2
8195
2
21795
2
61200
2
49424
2
85110
2
92620
2
13955
2
81271
2
78119
2
93968
2
54746
2
2098
2
89513
2
48600
2
77107
2
65453
2
23491
2
8929
2
96006
2
5688
2
47040
2
95211
2
28219
2
96155
2
28871
2
9452
2
56313
2
10576
2
40131
2
7643
2
6794
2
48326
2
29438
2
91054
2
20819
2
37617
2
83683
2
34774
2
41956
2
61811
2
51810
2
96702
2
63910
2
41332
2
68370
2
41026
2
6794
2
91861
2
73014
2
25868
2
20617
2
43122
2
44147
2
71896
2
39286
2
73019
2
81348
2
18668
2
6663
2
21488
2
26311
2
13457
2
69815
2
78808
2
4520
2
13702
2
16434
2
88204
2
48476
2
81449
2
73083
2
23354
2
1228
2
60061
2
87745
2
69599
2
1096
2
17608
2
84528
2
97169
2
43476
2
5155
2
63359
2
10692
2
77051
2
2655
2
83711
2
58408
2
44382
2
13442
2
79896
2
70693
2
26899
2
72779
2
72569
2
31420
2
9549
2
12072
2
42692
2
81084
2
93521
2
38843
2
4447
2
94750
2
98905
2
92193
2
87417
2
23069
2
9810
2
71954
2
20248
2
76345
2
177
2
6675
2
87037
2
77228
2
9330
2
93816
2
35645
2
53712
2
7267
2
38610
2
47473
2
34167
2
34457
2
20052
2
88646
2
44007
2
55183
2
54406
2
25100
2
48713
2
93249
2
29548
2
66531
2
15231
2
44809
2
77016
2
38301
2
77678
2
72039
2
81608
2
54032
2
72216
2
88283
2
64138
2
49454
2
20682
2
57963
2
8167
2
97453
2
88290
2
69836
2
44936
2
45525
2
4303
2
88047
2
57239
2
48310
2
43239
2
11654
2
96469
2
15020
2
27971
2
49085
2
4620
2
43203
2
93894
2
81636
2
4572
2
94640
2
53684
2
9248
2
71741
2
25910
2
97531
2
35888
2
98423
2
41281
2
16919
2
29658
2
38744
2
5218
2
99495
2
6748
2
73802
2
26866
2
17863
2
31050
2
98235
2
84161
2
65763
2
94713
2
99181
2
16803
2
43808
2
3810
2
83065
2
60770
2
8515
2
87637
2
55420
2
62199
2
96885
2
27170
2
11177
2
17493
2
86117
2
32668
2
81834
2
3045
2
62327
2
20587
2
31323
2
84890
2
50394
2
28193
2
11765
2
68257
2
59244
2
10009
2
52427
2
25016
2
27790
2
74676
2
64878
2
94657
2
1555
2
47952
2
55437
2
10070
2
35598
2
33925
2
95328
2
55551
2
84154
2
29574
2
96104
2
70280
2
62242
2
77947
2
96384
2
47637
2
21602
2
50775
2
32536
2
71996
2
78969
2
67360
2
63321
2
61281
2
77369
2
15757
2
9365
2
28228
2
13501
2
74244
2
22894
2
15056
2
22205
2
1399
2
48185
2
80863
2
35324
2
66582
2
36423
2
42546
2
96156
2
55595
2
35894
2
81466
2
33551
2
55347
2
52172
2
55153
2
6131
2
84708
2
50217
2
8168
2
52078
2
13547
2
69449
2
52515
2
52363
2
1883
2
80743
2
65865
2
76127
2
3647
2
3989
2
98332
2
28105
2
75234
2
79204
2
86489
2
41825
2
38696
2
29044
2
61049
2
94291
2
87998
2
65583
2
50911
2
43354
2
17764
2
6073
2
72544
2
2482
2
79350
2
80713
2
77619
2
15965
2
73230
2
30143
2
68329
2
75113
2
33955
2
57262
2
74308
2
60661
2
84310
2
72650
2
88766
2
59553
2
74922
2
75264
2
24446
2
13627
2
27377
2
85495
2
30987
2
15384
2
74147
2
81898
2
81797
2
91911
2
11039
2
54350
2
17461
2
90389
2
58131
2
95080
2
6364
2
54430
2
48292
2
97752
2
52611
2
82247
2
78082
2
26929
2
65976
2
62401
2
22647
2
54751
2
21964
2
97569
2
53084
2
69469
2
34265
2
80461
2
54974
2
65252
2
18913
2
29130
2
47159
2
719
2
44109
2
81257
2
55069
2
61571
2
71656
2
36269
2
79719
2
1088
2
90699
2
28020
2
21908
2
43319
2
33335
2
99990
2
93307
2
99311
2
62400
2
15963
2
77131
2
7432
2
13542
2
30224
2
76902
2
70866
2
33753
2
54944
2
36127
2
52666
2
7142
2
6354
2
53385
2
51251
2
87611
2
31522
2
35890
2
82335
2
67791
2
15619
2
6491
2
58499
2
66698
2
28399
2
24887
2
43
2
28398
2
18203
2
22422
2
13867
2
34167
2
99553
2
44358
2
70768
2
29786
2
21269
2
41643
2
86598
2
99272
2
838
2
39273
2
29482
2
30251
2
92658
2
3802
2
40930
2
24190
2
39692
2
46334
2
15049
2
78370
2
52825
2
73549
2
45078
2
4293
2
21504
2
68180
2
32691
2
39707
2
90602
2
69617
2
73874
2
90165
2
13985
2
67710
2
43019
2
58313
2
32421
2
29627
2
80654
2
56318
2
91959
2
10145
2
86569
2
84627
2
13947
2
50568
2
31885
2
76699
2
96902
2
46934
2
55078
2
49736
2
43551
2
165
2
54029
2
65055
2
68345
2
9789
2
27831
2
82016
2
2474
2
24773
2
95249
2
16459
2
92484
2
38277
2
97832
2
24914
2
90963
2
78495
2
81233
2
6000
2
88640
2
90870
2
13695
2
25656
2
41447
2
45580
2
2364
2
38358
2
15582
2
80501
2
11163
2
82193
2
80667
2
88251
2
70316
2
72080
2
21108
2
98147
2
54105
2
23583
2
22930
2
72422
2
63101
2
15423
2
33768
2
60942
2
63396
2
24740
2
39446
2
67697
2
53799
2
51155
2
58577
2
67494
2
76811
2
23092
2
36142
2
2243
2
84510
2
51725
2
82744
2
18741
2
56986
2
86479
2
7001
2
27311
2
58569
2
51169
2
25468
2
35742
2
97811
2
71457
2
8174
2
60921
2
86880
2
41942
2
21873
2
73344
2
89741
2
84378
2
64110
2
43550
2
35542
2
45755
2
34112
2
35421
2
68847
2
70255
2
37664
2
53366
2
45048
2
20418
2
95166
2
2043
2
6906
2
25236
2
52413
2
88534
2
76405
2
949
2
47345
2
74225
2
72406
2
55519
2
58214
2
82354
2
20529
2
3155
2
55708
2
33338
2
87534
2
42886
2
99947
2
23085
2
88641
2
34069
2
58507
2
57497
2
27392
2
96171
2
33932
2
72440
2
39657
2
29107
2
97542
2
69623
2
54343
2
49964
2
58166
2
53816
2
50914
2
5520
2
51109
2
46388
2
84098
2
9333
2
28752
2
27695
2
12488
2
84460
2
84093
2
31
2
50414
2
84049
2
46176
2
39064
2
41186
2
27751
2
96561
2
68578
2
46990
2
53561
2
64086
2
86648
2
5737
2
61637
2
56280
2
83139
2
34670
2
37514
2
60024
2
8652
2
66094
2
11142
2
55040
2
73260
2
20475
2
83792
2
965
2
56023
2
91320
2
8126
2
79113
2
41743
2
92175
2
25298
2
80807
2
56430
2
76108
2
446
2
25017
2
23108
2
77066
2
89104
2
32824
2
5871
2
73809
2
12172
2
89011
2
31547
2
72745
2
49044
2
40199
2
38848
2
83245
2
18308
2
12118
2
26789
2
25168
2
36142
2
82812
2
16498
2
67327
2
61934
2
81300
2
59511
2
10301
2
85176
2
15950
2
9477
2
8690
2
64027
2
32585
2
8824
2
76199
2
88468
2
14696
2
50017
2
649
2
26775
2
81565
2
73395
2
98878
2
44832
2
35311
2
82132
2
63140
2
70488
2
8930
2
11377
2
29698
2
91742
2
27875
2
97025
2
76745
2
32243
2
79605
2
10114
2
40487
2
95555
2
19591
2
72236
2
82650
2
75236
2
81061
2
58858
2
63713
2
18825
2
31944
2
87422
2
45600
2
36577
2
83885
2
67546
2
81409
2
19205
2
49687
2
67618
2
89694
2
81677
2
78995
2
19401
2
73428
2
29938
2
16436
2
73241
2
85240
2
19109
2
6423
2
25737
2
37732
2
26015
2
97973
2
20392
2
24319
2
2111
2
2318
2
88032
2
20936
2
34262
2
98522
2
89595
2
70839
2
82416
2
57150
2
52258
2
1631
2
6847
2
42944
2
91325
2
88524
2
21948
2
33794
2
85020
2
51886
2
73289
2
81330
2
60194
2
92398
2
87753
2
85931
2
30140
2
36836
2
6982
2
73591
2
61155
2
9093
2
75909
2
72256
2
30030
2
10181
2
70787
2
42693
2
81020
2
53213
2
99844
2
56346
2
77903
2
29759
2
99290
2
92296
2
41351
2
44306
2
26099
2
26380
2
19260
2
22457
2
30778
2
79455
2
37923
2
41600
2
65395
2
91122
2
1504
2
95436
2
64722
2
85719
2
4539
2
40641
2
81043
2
57628
2
50822
2
51839
2
330
2
54910
2
28120
2
183
2
34325
2
6032
2
29942
2
56683
2
98328
2
71293
2
999
2
47496
2
20742
2
20259
2
93012
2
74579
2
22782
2
30944
2
39247
2
11246
2
22076
2
40752
2
6691
2
9866
2
26480
2
11230
2
50507
2
7532
2
68858
2
24397
2
82430
2
92248
2
2376
2
33619
2
92431
2
36701
2
39651
2
45442
2
93384
2
61048
2
39803
2
17451
2
31612
2
83604
2
60770
2
47692
2
81252
2
83552
2
78636
2
20508
2
94798
2
23780
2
61260
2
1499
2
33647
2
10808
2
35788
2
7222
2
18340
2
27715
2
54679
2
23839
2
19972
2
57055
2
57458
2
35471
2
16824
2
20177
2
3981
2
33276
2
81225
2
43785
2
50728
2
35905
2
50457
2
34566
2
83597
2
31718
2
18127
2
85302
2
75286
2
12935
2
32150
2
36555
2
37493
2
65797
2
47364
2
73281
2
96079
2
88763
2
24064
2
50767
2
35670
2
44036
2
30890
2
93128
2
2576
2
47714
2
13315
2
6557
2
4058
2
17608
2
73401
2
77845
2
76573
2
46927
2
12420
2
60179
2
1713
2
30548
2
68549
2
76999
2
66542
2
709
2
13564
2
27103
2
89565
2
83987
2
23452
2
85653
2
95818
2
47517
2
59488
2
31498
2
14621
2
90378
2
24635
2
17197
2
61160
2
61009
2
46814
2
65219
2
78618
2
43283
2
66132
2
55200
2
90210
2
78553
2
38447
2
91924
2
9110
2
7006
2
68932
2
98711
2
30774
2
5564
2
25823
2
20348
2
89551
2
49275
2
6011
2
8447
2
19860
2
65499
2
39945
2
34482
2
78946
2
87639
2
74738
2
63174
2
48658
2
44620
2
51461
2
50344
2
87904
2
17603
2
28612
2
78123
2
96156
2
90118
2
93115
2
28334
2
97124
2
85116
2
27054
2
50966
2
90680
2
75936
2
71315
2
3309
2
48279
2
77326
2
11756
2
68140
2
65893
2
74760
2
25690
2
67907
2
62408
2
23496
2
31091
2
34134
2
68117
2
82552
2
84478
2
79089
2
164
2
36158
2
80280
2
19388
2
26286
2
73405
2
47722
2
46478
2
58530
2
97835
2
97445
2
49219
2
73780
2
68769
2
75587
2
45128
2
69163
2
10411
2
36336
2
58124
2
85171
2
62026
2
26041
2
70648
2
8590
2
80191
2
4791
2
99766
2
85811
2
12338
2
78864
2
85976
2
71555
2
59154
2
28432
2
97841
2
55627
2
76155
2
67388
2
14166
2
73999
2
64842
2
86444
2
70848
2
56679
2
85100
2
15985
2
25851
2
95511
2
52321
2
7043
2
80692
2
37415
2
33084
2
74408
2
46005
2
36343
2
2267
2
68840
2
22164
2
14605
2
70772
2
31208
2
9229
2
52994
2
59640
2
7079
2
8630
2
35804
2
74467
2
45855
2
32872
2
62377
2
55368
2
3729
2
19065
2
40477
2
42773
2
67975
2
59056
2
95094
2
75019
2
39757
2
32518
2
31171
2
37233
2
1591
2
67515
2
39501
2
93490
2
12747
2
77165
2
64272
2
43955
2
86394
2
17275
2
26663
2
16542
2
48965
2
85527
2
91009
2
94820
2
18408
2
76455
2
73256
2
45196
2
95520
2
13742
2
87969
2
63505
2
95858
2
83072
2
38533
2
35624
2
38658
2
69704
2
95917
2
63308
2
60287
2
35427
2
56808
2
73034
2
12601
2
21089
2
40057
2
98996
2
61423
2
66721
2
15547
2
10397
2
52257
2
29624
2
28286
2
70665
2
29147
2
1551
2
38929
2
24677
2
38353
2
26907
2
11250
2
34220
2
33047
2
72842
2
92903
2
94764
2
65614
2
88829
2
58081
2
25911
2
24265
2
14898
2
22013
2
59926
2
59046
2
62071
2
81990
2
20479
2
28801
2
20605
2
53935
2
4126
2
50229
2
82221
2
97850
2
2445
2
83773
2
36788
2
27122
2
22135
2
86754
2
61431
2
79414
2
42869
2
57341
2
72326
2
37642
2
22964
2
61165
2
18791
2
71934
2
8498
2
56749
2
93948
2
91483
2
15804
2
79087
2
73482
2
59342
2
30956
2
94087
2
13287
2
35082
2
67385
2
95508
2
32941
2
69830
2
2358
2
69729
2
20020
2
24493
2
79551
2
81451
2
26975
2
22429
2
38801
2
99302
2
83130
2
84824
2
83535
2
1930
2
56768
2
15101
2
58679
2
73784
2
6594
2
74484
2
75939
2
80076
2
33835
2
6904
2
74173
2
70181
2
65045
2
64626
2
65699
2
97986
2
34465
2
68057
2
90783
2
54485
2
15619
2
70343
2
59004
2
42594
2
15840
2
20873
2
64964
2
98970
2
5706
2
71567
2
909
2
85533
2
86669
2
59589
2
82385
2
16331
2
57141
2
58333
2
19475
2
14044
2
65237
2
16716
2
84226
2
30291
2
81342
2
72993
2
51345
2
15816
2
64118
2
65196
2
93360
2
79737
2
58607
2
52373
2
45400
2
74447
2
73246
2
10373
2
73426
2
2021
2
5009
2
97395
2
87554
2
91678
2
80052
2
69949
2
31077
2
37202
2
28291
2
50552
2
74305
2
16597
2
67269
2
58540
2
69947
2
48620
2
54601
2
44361
2
87496
2
18729
2
9566
2
80865
2
21534
2
68174
2
33248
2
66934
2
65689
2
29562
2
376
2
39125
2
31583
2
5385
2
59588
2
42206
2
20131
2
39649
2
35223
2
51208
2
76851
2
86573
2
1769
2
74224
2
3179
2
92097
2
55833
2
96186
2
40727
2
10443
2
63615
2
28232
2
29172
2
73181
2
9106
2
50707
2
64423
2
65413
2
40709
2
30122
2
18044
2
41085
2
92306
2
72686
2
69529
2
51903
2
14901
2
12728
2
14620
2
50124
2
63936
2
14539
2
36707
2
88765
2
88763
2
62945
2
80871
2
44605
2
82199
2
44666
2
55049
2
45823
2
95957
2
7289
2
42073
2
28132
2
81055
2
29564
2
16613
2
21774
2
59686
2
34657
2
85918
2
75060
2
7353
2
78516
2
50031
2
22254
2
91244
2
64651
2
95438
2
78249
2
79190
2
55213
2
90082
2
67963
2
41226
2
94021
2
35636
2
23435
2
38697
2
90685
2
92317
2
57722
2
21043
2
57458
2
85854
2
2107
2
87023
2
2477
2
46940
2
69777
2
37134
2
55927
2
67906
2
44487
2
57511
2
17946
2
89801
2
71823
2
82598
2
8316
2
50081
2
84856
2
63529
2
40172
2
75887
2
27823
2
34203
2
11533
2
74317
2
95959
2
2227
2
66644
2
53690
2
46329
2
47170
2
62613
2
71496
2
34202
2
65090
2
41504
2
27048
2
2233
2
97431
2
94954
2
69780
2
78010
2
12909
2
82649
2
49843
2
18575
2
14033
2
99924
2
3441
2
630
2
63165
2
79328
2
28453
2
20436
2
90861
2
2780
2
39463
2
16157
2
92483
2
16221
2
85545
2
62721
2
78834
2
57050
2
96924
2
43933
2
98555
2
47040
2
69226
2
19063
2
42003
2
62074
2
97074
2
54912
2
67791
2
46926
2
96547
2
81824
2
69918
2
23056
2
82454
2
56151
2
25452
2
33975
2
76587
2
39382
2
36755
2
39118
2
78598
2
52306
2
55340
2
64152
2
15037
2
34183
2
21212
2
35029
2
78117
2
19776
2
82069
2
70411
2
61898
2
24081
2
32494
2
58981
2
2061
2
294
2
5916
2
21676
2
82118
2
98894
2
44732
2
87640
2
55054
2
70185
2
21624
2
31651
2
32635
2
81439
2
93828
2
11242
2
33754
2
49177
2
75394
2
71850
2
83361
2
19674
2
6888
2
61487
2
62509
2
12025
2
31907
2
24417
2
59165
2
87460
2
83398
2
61227
2
87754
2
12383
2
5971
2
92940
2
11286
2
50704
2
3657
2
66340
2
43957
2
25281
2
21059
2
76592
2
6729
2
14897
2
10902
2
63543
2
64074
2
86296
2
58461
2
70503
2
5980
2
88409
2
31999
2
91548
2
443
2
86965
2
15974
2
59609
2
97493
2
99373
2
43904
2
8324
2
34824
2
72934
2
24332
2
46110
2
23647
2
27989
2
35518
2
90663
2
76330
2
79637
2
90323
2
83059
2
17602
2
1234
2
69670
2
4744
2
10599
2
28141
2
75248
2
39638
2
39618
2
30315
2
31195
2
40061
2
17290
2
47170
2
22738
2
37851
2
69611
2
89701
2
46176
2
4444
2
62645
2
70508
2
73613
2
9360
2
98498
2
9140
2
23092
2
74837
2
11845
2
13424
2
80964
2
29447
2
37718
2
73703
2
34192
2
71376
2
24912
2
9449
2
11023
2
64530
2
39764
2
65277
2
27659
2
80113
2
35515
2
50398
2
17974
2
5135
2
63167
2
87209
2
32638
2
25821
2
57726
2
6260
2
35182
2
79292
2
38460
2
58274
2
77197
2
73364
2
94757
2
81230
2
2821
2
55543
2
78001
2
37013
2
26928
2
2922
2
69521
2
61010
2
67452
2
32353
2
26297
2
18179
2
12476
2
84871
2
68577
2
53509
2
13075
2
31754
2
63786
2
45713
2
80634
2
21521
2
75033
2
38884
2
23882
2
36561
2
20226
2
24147
2
9934
2
14993
2
28445
2
35814
2
93595
2
6455
2
72827
2
20533
2
9377
2
65416
2
81543
2
99888
2
97770
2
30908
2
18077
2
33314
2
38848
2
9722
2
9891
2
51923
2
64535
2
73677
2
20704
2
45179
2
18266
2
18805
2
84063
2
65207
2
78425
2
4299
2
89355
2
88360
2
42351
2
17809
2
47242
2
35955
2
47324
2
20079
2
79547
2
56701
2
8563
2
84159
2
79658
2
6342
2
38135
2
97735
2
62715
2
76983
2
30525
2
72606
2
51974
2
95061
2
46292
2
72679
2
40249
2
64559
2
91484
2
47380
2
29775
2
92978
2
74738
2
42198
2
81347
2
40157
2
83067
2
51657
2
99172
2
30400
2
94795
2
78728
2
10169
2
3368
2
85955
2
89827
2
32769
2
24100
2
87571
2
95485
2
24151
2
41165
2
68100
2
76126
2
36235
2
37461
2
48814
2
99543
2
25088
2
63366
2
46932
2
77922
2
56353
2
44739
2
43189
2
60768
2
84896
2
26265
2
12435
2
84077
2
56665
2
7239
2
85874
2
66834
2
33666
2
71838
2
79730
2
66436
2
95938
2
90369
2
61930
2
20099
2
31543
2
53098
2
96225
2
67778
2
13627
2
68107
2
67330
2
38715
2
54541
2
37331
2
39706
2
10904
2
82070
2
82895
2
94731
2
66975
2
9169
2
30234
2
74121
2
88893
2
37474
2
60004
2
78795
2
71140
2
31851
2
81593
2
60644
2
27799
2
71972
2
22583
2
70957
2
3524
2
98741
2
90250
2
71303
2
12377
2
81425
2
61701
2
74152
2
35975
2
99032
2
13867
2
46879
2
4179
2
19830
2
64679
2
71155
2
52058
2
94913
2
45285
2
64019
2
55455
2
5298
2
42823
2
26605
2
60208
2
24426
2
87249
2
11075
2
19466
2
32901
2
82032
2
22990
2
54710
2
95350
2
17361
2
67087
2
76784
2
2131
2
64307
2
12769
2
1172
2
78174
2
82707
2
28411
2
98004
2
47395
2
99566
2
73130
2
65377
2
67919
2
37158
2
20841
2
96276
2
3050
2
70505
2
56493
2
27476
2
80823
2
67569
2
70001
2
13733
2
72669
2
92991
2
68443
2
91088
2
33421
2
58598
2
67881
2
35552
2
22915
2
3718
2
59783
2
24157
2
86426
2
88194
2
45230
2
56889
2
87769
2
18369
2
45334
2
78756
2
55528
2
66176
2
75041
2
58578
2
59749
2
54603
2
9122
2
40581
2
45240
2
79123
2
77373
2
17918
2
95182
2
68884
2
9015
2
28612
2
27492
2
99956
2
64164
2
73466
2
3683
2
23957
2
97623
2
13177
2
12160
2
65921
2
93126
2
22998
2
7359
2
38469
2
1763
2
62887
2
27713
2
99864
2
44533
2
87463
2
77535
2
76714
2
28053
2
22784
2
78905
2
5436
2
63761
2
74096
2
74320
2
95836
2
2718
2
24880
2
95801
2
89941
2
98346
2
22552
2
13907
2
19047
2
35730
2
49127
2
8036
2
51924
2
72125
2
15395
2
90393
2
96947
2
1350
2
18116
2
19888
2
45883
2
5588
2
97423
2
45665
2
56700
2
20216
2
24579
2
62136
2
7046
2
98676
2
59525
2
2891
2
24462
2
7473
2
21760
2
14412
2
28888
2
44312
2
51379
2
70994
2
3110
2
515
2
79030
2
55034
2
95699
2
94426
2
45437
2
92655
2
95776
2
86612
2
35612
2
64728
2
15268
2
33044
2
10402
2
71968
2
76320
2
58041
2
57173
2
83366
2
79785
2
39766
2
86257
2
4256
2
47239
2
8026
2
41727
2
99186
2
75397
2
93106
2
70189
2
78508
2
16689
2
49229
2
33551
2
12397
2
66723
2
2056
2
28121
2
85567
2
11736
2
63733
2
50304
2
27004
2
96777
2
83766
2
22041
2
73106
2
64875
2
2282
2
79540
2
44669
2
65107
2
88865
2
48925
2
35414
2
96891
2
90652
2
34610
2
72298
2
6836
2
4808
2
73874
2
23525
2
77096
2
30493
2
35923
2
43828
2
32550
2
87103
2
29405
2
44286
2
50845
2
2777
2
94350
2
70690
2
86543
2
39459
2
43806
2
74486
2
64800
2
46414
2
19164
2
52975
2
35289
2
68089
2
88389
2
55248
2
81810
2
46067
2
50614
2
88646
2
50876
2
24497
2
35239
2
51040
2
54991
2
94221
2
94869
2
10609
2
81333
2
47342
2
54895
2
55246
2
50119
2
72313
2
25946
2
59731
2
34840
2
92811
2
34226
2
22708
2
39234
2
53391
2
75683
2
74523
2
44548
2
64082
2
29781
2
26367
2
10158
2
80395
2
38081
2
84093
2
27961
2
96380
2
35143
2
82952
2
90610
2
30021
2
93561
2
95012
2
77363
2
71524
2
50267
2
50550
2
66906
2
76213
2
10290
2
1755
2
69033
2
44517
2
24464
2
8277
2
20976
2
156
2
5868
2
65524
2
87297
2
58708
2
14960
2
97456
2
39113
2
53041
2
4626
2
90133
2
72489
2
39769
2
73094
2
63109
2
92849
2
89723
2
58130
2
70221
2
84315
2
8406
2
20781
2
51230
2
7688
2
54130
2
76045
2
76721
2
21715
2
23577
2
8066
2
42691
2
46792
2
13935
2
8225
2
34099
2
72643
2
23185
2
54623
2
34824
2
99285
2
59249
2
24966
2
71784
2
22087
2
21128
2
57961
2
14945
2
10860
2
39159
2
8235
2
95176
2
70624
2
52075
2
69474
2
78312
2
6214
2
45528
2
55043
2
27930
2
92164
2
86168
2
93680
2
62025
2
112
2
24973
2
19192
2
95815
2
48158
2
73815
2
30648
2
70512
2
56132
2
78674
2
65364
2
1287
2
99802
2
23334
2
16233
2
33731
2
62493
2
24468
2
51975
2
33126
2
76543
2
21458
2
34507
2
5825
2
90046
2
12618
2
56814
2
5287
2
98786
2
50504
2
67312
2
21967
2
75477
2
86504
2
40850
2
46704
2
83387
2
94557
2
40284
2
39529
2
73240
2
5657
2
63875
2
96111
2
52050
2
80108
2
29851
2
37611
2
27644
2
81826
2
93796
2
27255
2
26352
2
28312
2
33081
2
16407
2
40930
2
89895
2
21695
2
62785
2
63467
2
89007
2
7820
2
38954
2
98580
2
48670
2
8726
2
81976
2
43236
2
49010
2
44573
2
39545
2
54667
2
8458
2
35665
2
29785
2
88566
2
88575
2
67396
2
39279
2
70410
2
61201
2
66534
2
19830
2
89514
2
99615
2
59297
2
53512
2
12588
2
80992
2
39365
2
99114
2
93067
2
47185
2
38077
2
91656
2
95855
2
69862
2
73642
2
62160
2
18881
2
18224
2
1714
2
96607
2
49741
2
37379
2
26401
2
38317
2
25963
2
93797
2
664
2
19441
2
55008
2
67198
2
62330
2
67590
2
89882
2
21636
2
44170
2
25538
2
25696
2
83536
2
24661
2
18773
2
53789
2
85798
2
33497
2
49654
2
55669
2
30207
2
11823
2
74551
2
71491
2
36596
2
94226
2
21241
2
73975
2
20637
2
82617
2
23006
2
14443
2
83281
2
65506
2
92510
2
73548
2
27845
2
60109
2
63439
2
49482
2
27348
2
88977
2
98237
2
10893
2
36706
2
17019
2
64682
2
22513
2
73576
2
37404
2
78183
2
3792
2
72286
2
75802
2
98342
2
8891
2
70037
2
19593
2
5934
2
13742
2
25278
2
51999
2
28186
2
31628
2
40573
2
20705
2
5185
2
68419
2
3883
2
68624
2
40969
2
54290
2
80669
2
39215
2
88242
2
17384
2
79294
2
52933
2
39898
2
75938
2
13406
2
41149
2
2798
2
8760
2
40019
2
1150
2
17652
2
33124
2
43802
2
46645
2
46867
2
69080
2
21713
2
98112
2
717
2
62286
2
18826
2
28961
2
53773
2
45768
2
97585
2
17810
2
67
2
78263
2
57026
2
88309
2
18716
2
59388
2
64311
2
58614
2
35335
2
785
2
22831
2
61192
2
9545
2
85909
2
62342
2
50256
2
19042
2
29212
2
19970
2
88968
2
21361
2
41683
2
87089
2
45137
2
3978
2
28984
2
74099
2
57752
2
74752
2
71693
2
75562
2
97879
2
73025
2
55656
2
9265
2
91741
2
38112
2
96635
2
73423
2
96506
2
20488
2
19322
2
57708
2
30034
2
5240
2
20059
2
3358
2
47341
2
72331
2
23328
2
36319
2
93692
2
65011
2
23417
2
38838
2
92049
2
52401
2
36005
2
49810
2
50222
2
7708
2
48440
2
71169
2
3801
2
4106
2
80434
2
18610
2
65277
2
147
2
92033
2
61793
2
20635
2
34423
2
19510
2
73728
2
39663
2
62628
2
77087
2
87004
2
34968
2
23483
2
46391
2
28669
2
11563
2
69809
2
90567
2
3621
2
45278
2
26581
2
76490
2
95500
2
57348
2
24939
2
66678
2
84208
2
52104
2
70181
2
2827
2
17391
2
70328
2
17928
2
79184
2
90963
2
52351
2
98694
2
87760
2
92014
2
84390
2
87915
2
2096
2
19368
2
11407
2
48487
2
71096
2
22970
2
41364
2
84731
2
26591
2
86643
2
11322
2
3090
2
82152
2
91729
2
51089
2
48840
2
75947
2
3202
2
19030
2
1842
2
43652
2
12426
2
19771
2
22845
2
26457
2
72122
2
44607
2
14226
2
64146
2
29007
2
2150
2
89301
2
71434
2
13558
2
37797
2
65598
2
59587
2
2230
2
50339
2
86179
2
88873
2
84720
2
12337
2
71034
2
76458
2
63426
2
42942
2
75473
2
89688
2
85031
2
77316
2
33349
2
97457
2
97087
2
79254
2
23924
2
92277
2
46929
2
61209
2
56432
2
98995
2
63360
2
68801
2
70438
2
99977
2
29667
2
36046
2
59573
2
31897
2
9453
2
68820
2
20779
2
94173
2
81158
2
14881
2
93699
2
67652
2
80883
2
92241
2
80408
2
65923
2
69566
2
36826
2
86449
2
89721
2
16089
2
33441
2
82007
2
86077
2
94650
2
61508
2
85082
2
81078
2
30318
2
78588
2
81064
2
59985
2
14643
2
40647
2
14950
2
47155
2
9476
2
35729
2
41337
2
13702
2
73670
2
35046
2
4423
2
54562
2
27296
2
84831
2
20494
2
19930
2
44725
2
30011
2
32719
2
60814
2
63452
2
37794
2
46901
2
81171
2
22370
2
55051
2
62258
2
52689
2
33648
2
43332
2
35742
2
71351
2
7047
2
73752
2
18515
2
39582
2
9490
2
82912
2
53285
2
6228
2
17967
2
80767
2
60790
2
68322
2
88666
2
4353
2
11320
2
33401
2
34364
2
67098
2
17283
2
20885
2
4901
2
87243
2
2065
2
27272
2
42303
2
64323
2
3029
2
75952
2
7664
2
61830
2
70371
2
37770
2
35591
2
88886
2
77353
2
68141
2
71807
2
53706
2
74369
2
12842
2
34482
2
58228
2
4232
2
23157
2
62581
2
38611
2
79617
2
20013
2
5718
2
96901
2
40898
2
33679
2
84153
2
66022
2
84010
2
49525
2
30355
2
87039
2
48545
2
61078
2
71937
2
18925
2
98849
2
7538
2
30879
2
76211
2
98738
2
2696
2
29926
2
96175
2
38597
2
87467
2
54412
2
65889
2
33692
2
17002
2
4509
2
13319
2
60075
2
33287
2
33288
2
982
2
90025
2
40509
2
67005
2
74044
2
90034
2
20428
2
84151
2
38588
2
81506
2
56097
2
80572
2
3432
2
86694
2
11461
2
79643
2
85441
2
37216
2
32637
2
81626
2
75813
2
20113
2
59106
2
64770
2
76865
2
76109
2
92339
2
90184
2
59252
2
25635
2
23481
2
60234
2
15669
2
63990
2
50307
2
12781
2
77093
2
93794
2
96932
2
38749
2
98369
2
53038
2
19331
2
1810
2
62801
2
53851
2
4522
2
48251
2
91067
2
60218
2
52945
2
89948
2
3400
2
12061
2
54728
2
80265
2
11238
2
47076
2
70458
2
70490
2
95770
2
17007
2
53792
2
11448
2
4065
2
27168
2
47288
2
4226
2
20971
2
44229
2
42976
2
19349
2
20335
2
85366
2
44219
2
83136
2
39226
2
48741
2
54456
2
30302
2
8968
2
7410
2
20259
2
12368
2
42530
2
98046
2
15701
2
76827
2
45131
2
86159
2
47326
2
40910
2
26234
2
24187
2
75417
2
30300
2
51355
2
22714
2
34526
2
72326
2
90002
2
570
2
14744
2
10347
2
85936
2
58963
2
16551
2
25171
2
30772
2
71007
2
55473
2
62799
2
1486
2
98792
2
98227
2
44016
2
96847
2
13937
2
43912
2
65047
2
106
2
91238
2
29025
2
49399
2
15434
2
4452
2
79699
2
89848
2
50225
2
37294
2
85243
2
63296
2
60923
2
99987
2
73643
2
46869
2
82018
2
90194
2
72040
2
12799
2
84270
2
50582
2
98657
2
85756
2
49383
2
96893
2
52840
2
69298
2
10840
2
96752
2
34354
2
34005
2
11068
2
86439
2
83404
2
49561
2
13959
2
86172
2
39419
2
64184
2
46534
2
24671
2
27489
2
7466
2
47726
2
24200
2
54335
2
29753
2
37463
2
49444
2
65611
2
21742
2
35
2
87336
2
7507
2
72477
2
84239
2
60347
2
41784
2
18147
2
80168
2
99198
2
52152
2
91236
2
85646
2
58624
2
40806
2
99605
2
44805
2
80225
2
86857
2
14407
2
27964
2
37415
2
21874
2
75690
2
84674
2
99268
2
28511
2
22146
2
48721
2
17190
2
66947
2
71815
2
4536
2
74454
2
44301
2
88775
2
57870
2
9154
2
6931
2
38047
2
31420
2
82142
2
52351
2
40134
2
40775
2
93157
2
62807
2
8649
2
73392
2
72732
2
23056
2
24424
2
10156
2
67989
2
124
2
17899
2
90326
2
28635
2
40045
2
62115
2
68885
2
30061
2
33940
2
73421
2
4524
2
1309
2
62205
2
85453
2
10463
2
92195
2
46568
2
64942
2
74346
2
98919
2
5085
2
15130
2
15154
2
90951
2
46838
2
11614
2
63693
2
92954
2
36038
2
73849
2
60952
2
36162
2
91748
2
51287
2
87857
2
54862
2
36471
2
56751
2
84923
2
70411
2
30181
2
12515
2
71720
2
15454
2
21037
2
5252
2
7658
2
90664
2
93253
2
5072
2
89593
2
98339
2
43261
2
27815
2
89299
2
90100
2
39429
2
76060
2
83063
2
75467
2
49919
2
67083
2
11639
2
64735
2
41439
2
22564
2
42665
2
77910
2
79315
2
50656
2
48330
2
32564
2
63172
2
43118
2
48018
2
7277
2
71429
2
78735
2
97941
2
64692
2
83807
2
10611
2
86099
2
27077
2
38426
2
98466
2
40245
2
77855
2
74536
2
23317
2
53332
2
24464
2
13469
2
88030
2
12267
2
54908
2
10603
2
77992
2
32827
2
12986
2
28657
2
4225
2
45550
2
91829
2
47343
2
16636
2
99106
2
41841
2
18439
2
20125
2
6542
2
2255
2
30736
2
92641
2
52391
2
69163
2
91116
2
15705
2
47027
2
65661
2
62081
2
23427
2
13193
2
75550
2
11466
2
25461
2
30467
2
22069
2
3462
2
86353
2
35055
2
55178
2
90578
2
3673
4
-1
